  0.00000000E+00  0.00000000E+00  5.00000000E+01   -3.002955E-03 -6.007254E-03   -3.002955E-03 -6.007254E-03
  0.00000000E+00  5.00000000E+02  5.00000000E+01   -2.219216E-03 -8.574578E-03   -3.347380E-03 -8.377046E-03
  0.00000000E+00  1.00000000E+03  5.00000000E+01   -3.670193E-03 -1.035967E-02   -4.844679E-03 -1.077778E-02
  0.00000000E+00  1.50000000E+03  5.00000000E+01   -5.949449E-03 -1.185213E-02   -7.157495E-03 -1.345617E-02
  0.00000000E+00  2.00000000E+03  5.00000000E+01   -8.417716E-03 -1.273437E-02   -1.075803E-02 -1.610502E-02
  0.00000000E+00  2.50000000E+03  5.00000000E+01   -1.026527E-02 -1.249653E-02   -1.584083E-02 -1.829502E-02
  0.00000000E+00  3.00000000E+03  5.00000000E+01   -9.931301E-03 -1.056628E-02   -2.204605E-02 -1.954679E-02
  0.00000000E+00  3.50000000E+03  5.00000000E+01   -6.713631E-03 -6.903437E-03   -2.747970E-02 -1.979836E-02
  0.00000000E+00  4.00000000E+03  5.00000000E+01   -7.262252E-04 -2.048991E-03   -2.966961E-02 -1.890320E-02
  0.00000000E+00  4.50000000E+03  5.00000000E+01    5.605148E-03  2.905833E-03   -2.749750E-02 -1.727302E-02
  0.00000000E+00  5.00000000E+03  5.00000000E+01    9.576021E-03  7.078493E-03   -2.194258E-02 -1.498789E-02
  0.00000000E+00  5.50000000E+03  5.00000000E+01    1.092776E-02  9.683732E-03   -1.553441E-02 -1.237883E-02
  0.00000000E+00  6.00000000E+03  5.00000000E+01    1.115382E-02  1.003168E-02   -1.043236E-02 -9.519966E-03
  5.00000000E+02  0.00000000E+00  5.00000000E+01   -3.347380E-03 -8.377046E-03   -2.219216E-03 -8.574577E-03
  5.00000000E+02  5.00000000E+02  5.00000000E+01   -3.664820E-03 -1.121454E-02   -3.664820E-03 -1.121454E-02
  5.00000000E+02  1.00000000E+03  5.00000000E+01   -6.141341E-03 -1.370778E-02   -5.954236E-03 -1.436405E-02
  5.00000000E+02  1.50000000E+03  5.00000000E+01   -9.903977E-03 -1.594455E-02   -9.468242E-03 -1.774120E-02
  5.00000000E+02  2.00000000E+03  5.00000000E+01   -1.475281E-02 -1.718264E-02   -1.483568E-02 -2.102015E-02
  5.00000000E+02  2.50000000E+03  5.00000000E+01   -1.925176E-02 -1.681988E-02   -2.281913E-02 -2.345400E-02
  5.00000000E+02  3.00000000E+03  5.00000000E+01   -1.992071E-02 -1.412091E-02   -3.353708E-02 -2.425368E-02
  5.00000000E+02  3.50000000E+03  5.00000000E+01   -1.398594E-02 -9.063776E-03   -4.390562E-02 -2.337622E-02
  5.00000000E+02  4.00000000E+03  5.00000000E+01   -1.280805E-03 -2.288579E-03   -4.813426E-02 -2.131567E-02
  5.00000000E+02  4.50000000E+03  5.00000000E+01    1.194090E-02  4.640708E-03   -4.341166E-02 -1.901198E-02
  5.00000000E+02  5.00000000E+03  5.00000000E+01    1.910113E-02  1.029032E-02   -3.233169E-02 -1.653547E-02
  5.00000000E+02  5.50000000E+03  5.00000000E+01    1.992191E-02  1.367722E-02   -2.074481E-02 -1.381859E-02
  5.00000000E+02  6.00000000E+03  5.00000000E+01    1.757557E-02  1.413748E-02   -1.216179E-02 -1.081025E-02
  1.00000000E+03  0.00000000E+00  5.00000000E+01   -4.844679E-03 -1.077778E-02   -3.670193E-03 -1.035967E-02
  1.00000000E+03  5.00000000E+02  5.00000000E+01   -5.954236E-03 -1.436405E-02   -6.141341E-03 -1.370778E-02
  1.00000000E+03  1.00000000E+03  5.00000000E+01   -9.826423E-03 -1.764519E-02   -9.826423E-03 -1.764519E-02
  1.00000000E+03  1.50000000E+03  5.00000000E+01   -1.576748E-02 -2.070368E-02   -1.493711E-02 -2.188568E-02
  1.00000000E+03  2.00000000E+03  5.00000000E+01   -2.432006E-02 -2.254848E-02   -2.223657E-02 -2.589160E-02
  1.00000000E+03  2.50000000E+03  5.00000000E+01   -3.410231E-02 -2.212895E-02   -3.304111E-02 -2.861772E-02
  1.00000000E+03  3.00000000E+03  5.00000000E+01   -3.887356E-02 -1.839855E-02   -4.923730E-02 -2.852607E-02
  1.00000000E+03  3.50000000E+03  5.00000000E+01   -2.948688E-02 -1.159456E-02   -6.747574E-02 -2.537983E-02
  1.00000000E+03  4.00000000E+03  5.00000000E+01   -2.150190E-03 -2.531246E-03   -7.564878E-02 -2.078303E-02
  1.00000000E+03  4.50000000E+03  5.00000000E+01    2.618147E-02  6.755427E-03   -6.524785E-02 -1.779842E-02
  1.00000000E+03  5.00000000E+03  5.00000000E+01    3.795771E-02  1.417579E-02   -4.427925E-02 -1.597995E-02
  1.00000000E+03  5.50000000E+03  5.00000000E+01    3.543097E-02  1.852689E-02   -2.572092E-02 -1.378951E-02
  1.00000000E+03  6.00000000E+03  5.00000000E+01    2.774328E-02  1.896340E-02   -1.388878E-02 -1.088050E-02
  1.50000000E+03  0.00000000E+00  5.00000000E+01   -7.157495E-03 -1.345617E-02   -5.949449E-03 -1.185213E-02
  1.50000000E+03  5.00000000E+02  5.00000000E+01   -9.468242E-03 -1.774120E-02   -9.903977E-03 -1.594455E-02
  1.50000000E+03  1.00000000E+03  5.00000000E+01   -1.493711E-02 -2.188568E-02   -1.576748E-02 -2.070368E-02
  1.50000000E+03  1.50000000E+03  5.00000000E+01   -2.315380E-02 -2.599525E-02   -2.315379E-02 -2.599525E-02
  1.50000000E+03  2.00000000E+03  5.00000000E+01   -3.617721E-02 -2.871665E-02   -3.225921E-02 -3.108968E-02
  1.50000000E+03  2.50000000E+03  5.00000000E+01   -5.392319E-02 -2.845641E-02   -4.412521E-02 -3.472301E-02
  1.50000000E+03  3.00000000E+03  5.00000000E+01   -6.900168E-02 -2.347625E-02   -6.253820E-02 -3.437199E-02
  1.50000000E+03  3.50000000E+03  5.00000000E+01   -5.904468E-02 -1.429709E-02   -8.721506E-02 -2.863995E-02
  1.50000000E+03  4.00000000E+03  5.00000000E+01   -3.223376E-03 -2.491769E-03   -9.936202E-02 -2.027352E-02
  1.50000000E+03  4.50000000E+03  5.00000000E+01    5.472897E-02  9.526430E-03   -8.008231E-02 -1.591073E-02
  1.50000000E+03  5.00000000E+03  5.00000000E+01    6.911561E-02  1.906782E-02   -4.871519E-02 -1.471998E-02
  1.50000000E+03  5.50000000E+03  5.00000000E+01    5.675629E-02  2.448008E-02   -2.605336E-02 -1.289177E-02
  1.50000000E+03  6.00000000E+03  5.00000000E+01    4.031836E-02  2.451525E-02   -1.350304E-02 -1.004574E-02
  2.00000000E+03  0.00000000E+00  5.00000000E+01   -1.075803E-02 -1.610502E-02   -8.417716E-03 -1.273437E-02
  2.00000000E+03  5.00000000E+02  5.00000000E+01   -1.483568E-02 -2.102015E-02   -1.475281E-02 -1.718264E-02
  2.00000000E+03  1.00000000E+03  5.00000000E+01   -2.223657E-02 -2.589160E-02   -2.432006E-02 -2.254848E-02
  2.00000000E+03  1.50000000E+03  5.00000000E+01   -3.225921E-02 -3.108968E-02   -3.617721E-02 -2.871665E-02
  2.00000000E+03  2.00000000E+03  5.00000000E+01   -4.856564E-02 -3.503338E-02   -4.856564E-02 -3.503338E-02
  2.00000000E+03  2.50000000E+03  5.00000000E+01   -7.364242E-02 -3.563860E-02   -6.005597E-02 -4.027488E-02
  2.00000000E+03  3.00000000E+03  5.00000000E+01   -1.026107E-01 -3.018878E-02   -7.158550E-02 -4.225194E-02
  2.00000000E+03  3.50000000E+03  5.00000000E+01   -9.906520E-02 -1.880119E-02   -8.395987E-02 -3.902723E-02
  2.00000000E+03  4.00000000E+03  5.00000000E+01   -2.500158E-03 -1.605713E-03   -8.646063E-02 -2.889846E-02
  2.00000000E+03  4.50000000E+03  5.00000000E+01    9.753865E-02  1.583635E-02   -6.351328E-02 -1.892044E-02
  2.00000000E+03  5.00000000E+03  5.00000000E+01    1.066883E-01  2.662242E-02   -3.728940E-02 -1.402092E-02
  2.00000000E+03  5.50000000E+03  5.00000000E+01    7.894824E-02  3.167390E-02   -2.022468E-02 -1.085179E-02
  2.00000000E+03  6.00000000E+03  5.00000000E+01    5.256861E-02  3.035690E-02   -1.079852E-02 -7.972283E-03
  2.50000000E+03  0.00000000E+00  5.00000000E+01   -1.584083E-02 -1.829502E-02   -1.026527E-02 -1.249653E-02
  2.50000000E+03  5.00000000E+02  5.00000000E+01   -2.281913E-02 -2.345400E-02   -1.925176E-02 -1.681988E-02
  2.50000000E+03  1.00000000E+03  5.00000000E+01   -3.304111E-02 -2.861772E-02   -3.410231E-02 -2.212895E-02
  2.50000000E+03  1.50000000E+03  5.00000000E+01   -4.412521E-02 -3.472301E-02   -5.392319E-02 -2.845641E-02
  2.50000000E+03  2.00000000E+03  5.00000000E+01   -6.005597E-02 -4.027488E-02   -7.364242E-02 -3.563859E-02
  2.50000000E+03  2.50000000E+03  5.00000000E+01   -8.679904E-02 -4.228010E-02   -8.679904E-02 -4.228010E-02
  2.50000000E+03  3.00000000E+03  5.00000000E+01   -1.217768E-01 -3.724328E-02   -8.949551E-02 -4.634484E-02
  2.50000000E+03  3.50000000E+03  5.00000000E+01   -1.211679E-01 -2.373033E-02   -8.043643E-02 -4.585605E-02
  2.50000000E+03  4.00000000E+03  5.00000000E+01    3.805230E-03  1.011629E-03   -5.950612E-02 -3.449298E-02
  2.50000000E+03  4.50000000E+03  5.00000000E+01    1.322332E-01  2.506091E-02   -3.703491E-02 -1.844199E-02
  2.50000000E+03  5.00000000E+03  5.00000000E+01    1.346514E-01  3.568302E-02   -2.177979E-02 -1.050915E-02
  2.50000000E+03  5.50000000E+03  5.00000000E+01    9.537806E-02  3.866580E-02   -1.259393E-02 -6.831028E-03
  2.50000000E+03  6.00000000E+03  5.00000000E+01    6.166569E-02  3.543454E-02   -7.172638E-03 -4.679488E-03
  3.00000000E+03  0.00000000E+00  5.00000000E+01   -2.204605E-02 -1.954679E-02   -9.931302E-03 -1.056628E-02
  3.00000000E+03  5.00000000E+02  5.00000000E+01   -3.353708E-02 -2.425368E-02   -1.992071E-02 -1.412091E-02
  3.00000000E+03  1.00000000E+03  5.00000000E+01   -4.923730E-02 -2.852607E-02   -3.887356E-02 -1.839855E-02
  3.00000000E+03  1.50000000E+03  5.00000000E+01   -6.253820E-02 -3.437199E-02   -6.900168E-02 -2.347625E-02
  3.00000000E+03  2.00000000E+03  5.00000000E+01   -7.158550E-02 -4.225194E-02   -1.026107E-01 -3.018878E-02
  3.00000000E+03  2.50000000E+03  5.00000000E+01   -8.949551E-02 -4.634484E-02   -1.217768E-01 -3.724328E-02
  3.00000000E+03  3.00000000E+03  5.00000000E+01   -1.161590E-01 -4.118498E-02   -1.161590E-01 -4.118498E-02
  3.00000000E+03  3.50000000E+03  5.00000000E+01   -1.059744E-01 -2.481674E-02   -8.428947E-02 -4.018368E-02
  3.00000000E+03  4.00000000E+03  5.00000000E+01    2.074653E-02  5.936945E-03   -4.021298E-02 -2.744490E-02
  3.00000000E+03  4.50000000E+03  5.00000000E+01    1.485751E-01  3.205240E-02   -1.695719E-02 -9.886729E-03
  3.00000000E+03  5.00000000E+03  5.00000000E+01    1.468593E-01  4.144459E-02   -8.720005E-03 -2.893191E-03
  3.00000000E+03  5.50000000E+03  5.00000000E+01    1.026873E-01  4.272350E-02   -5.267456E-03 -7.471794E-04
  3.00000000E+03  6.00000000E+03  5.00000000E+01    6.577920E-02  3.818998E-02   -3.560758E-03 -8.670414E-05
  3.50000000E+03  0.00000000E+00  5.00000000E+01   -2.747970E-02 -1.979836E-02   -6.713631E-03 -6.903437E-03
  3.50000000E+03  5.00000000E+02  5.00000000E+01   -4.390562E-02 -2.337622E-02   -1.398594E-02 -9.063776E-03
  3.50000000E+03  1.00000000E+03  5.00000000E+01   -6.747574E-02 -2.537983E-02   -2.948688E-02 -1.159456E-02
  3.50000000E+03  1.50000000E+03  5.00000000E+01   -8.721506E-02 -2.863995E-02   -5.904468E-02 -1.429709E-02
  3.50000000E+03  2.00000000E+03  5.00000000E+01   -8.395987E-02 -3.902723E-02   -9.906520E-02 -1.880119E-02
  3.50000000E+03  2.50000000E+03  5.00000000E+01   -8.043643E-02 -4.585605E-02   -1.211679E-01 -2.373033E-02
  3.50000000E+03  3.00000000E+03  5.00000000E+01   -8.428947E-02 -4.018368E-02   -1.059744E-01 -2.481674E-02
  3.50000000E+03  3.50000000E+03  5.00000000E+01   -5.721326E-02 -2.029310E-02   -5.721326E-02 -2.029310E-02
  3.50000000E+03  4.00000000E+03  5.00000000E+01    4.585594E-02  1.261696E-02   -8.236533E-03 -8.030113E-03
  3.50000000E+03  4.50000000E+03  5.00000000E+01    1.484814E-01  3.480194E-02    6.669348E-03  4.213017E-03
  3.50000000E+03  5.00000000E+03  5.00000000E+01    1.443737E-01  4.205754E-02    5.805008E-03  6.949700E-03
  3.50000000E+03  5.50000000E+03  5.00000000E+01    1.008597E-01  4.283190E-02    2.994901E-03  6.267623E-03
  3.50000000E+03  6.00000000E+03  5.00000000E+01    6.471834E-02  3.810049E-02    6.948489E-04  4.926176E-03
  4.00000000E+03  0.00000000E+00  5.00000000E+01   -2.966961E-02 -1.890320E-02   -7.262252E-04 -2.048991E-03
  4.00000000E+03  5.00000000E+02  5.00000000E+01   -4.813426E-02 -2.131567E-02   -1.280805E-03 -2.288579E-03
  4.00000000E+03  1.00000000E+03  5.00000000E+01   -7.564878E-02 -2.078303E-02   -2.150190E-03 -2.531246E-03
  4.00000000E+03  1.50000000E+03  5.00000000E+01   -9.936202E-02 -2.027352E-02   -3.223376E-03 -2.491769E-03
  4.00000000E+03  2.00000000E+03  5.00000000E+01   -8.646063E-02 -2.889846E-02   -2.500158E-03 -1.605713E-03
  4.00000000E+03  2.50000000E+03  5.00000000E+01   -5.950612E-02 -3.449298E-02    3.805230E-03  1.011629E-03
  4.00000000E+03  3.00000000E+03  5.00000000E+01   -4.021298E-02 -2.744490E-02    2.074653E-02  5.936945E-03
  4.00000000E+03  3.50000000E+03  5.00000000E+01   -8.236533E-03 -8.030113E-03    4.585594E-02  1.261696E-02
  4.00000000E+03  4.00000000E+03  5.00000000E+01    5.984182E-02  1.824749E-02    5.984182E-02  1.824749E-02
  4.00000000E+03  4.50000000E+03  5.00000000E+01    1.294494E-01  3.233624E-02    4.709631E-02  1.897772E-02
  4.00000000E+03  5.00000000E+03  5.00000000E+01    1.256789E-01  3.747097E-02    2.720999E-02  1.621939E-02
  4.00000000E+03  5.50000000E+03  5.00000000E+01    8.920096E-02  3.884352E-02    1.361832E-02  1.285337E-02
  4.00000000E+03  6.00000000E+03  5.00000000E+01    5.807467E-02  3.510529E-02    5.941711E-03  9.590284E-03
  4.50000000E+03  0.00000000E+00  5.00000000E+01   -2.749750E-02 -1.727302E-02    5.605148E-03  2.905833E-03
  4.50000000E+03  5.00000000E+02  5.00000000E+01   -4.341166E-02 -1.901198E-02    1.194090E-02  4.640708E-03
  4.50000000E+03  1.00000000E+03  5.00000000E+01   -6.524785E-02 -1.779842E-02    2.618147E-02  6.755427E-03
  4.50000000E+03  1.50000000E+03  5.00000000E+01   -8.008231E-02 -1.591073E-02    5.472897E-02  9.526430E-03
  4.50000000E+03  2.00000000E+03  5.00000000E+01   -6.351328E-02 -1.892044E-02    9.753865E-02  1.583635E-02
  4.50000000E+03  2.50000000E+03  5.00000000E+01   -3.703491E-02 -1.844199E-02    1.322332E-01  2.506091E-02
  4.50000000E+03  3.00000000E+03  5.00000000E+01   -1.695719E-02 -9.886729E-03    1.485751E-01  3.205240E-02
  4.50000000E+03  3.50000000E+03  5.00000000E+01    6.669348E-03  4.213017E-03    1.484814E-01  3.480194E-02
  4.50000000E+03  4.00000000E+03  5.00000000E+01    4.709631E-02  1.897772E-02    1.294494E-01  3.233624E-02
  4.50000000E+03  4.50000000E+03  5.00000000E+01    8.969615E-02  2.693455E-02    8.969615E-02  2.693455E-02
  4.50000000E+03  5.00000000E+03  5.00000000E+01    9.206994E-02  3.108317E-02    4.963419E-02  2.221957E-02
  4.50000000E+03  5.50000000E+03  5.00000000E+01    6.927766E-02  3.296705E-02    2.432053E-02  1.771791E-02
  4.50000000E+03  6.00000000E+03  5.00000000E+01    4.705377E-02  3.039730E-02    1.106171E-02  1.335037E-02
  5.00000000E+03  0.00000000E+00  5.00000000E+01   -2.194258E-02 -1.498789E-02    9.576021E-03  7.078493E-03
  5.00000000E+03  5.00000000E+02  5.00000000E+01   -3.233169E-02 -1.653547E-02    1.910113E-02  1.029032E-02
  5.00000000E+03  1.00000000E+03  5.00000000E+01   -4.427925E-02 -1.597995E-02    3.795771E-02  1.417579E-02
  5.00000000E+03  1.50000000E+03  5.00000000E+01   -4.871519E-02 -1.471998E-02    6.911561E-02  1.906782E-02
  5.00000000E+03  2.00000000E+03  5.00000000E+01   -3.728940E-02 -1.402092E-02    1.066883E-01  2.662242E-02
  5.00000000E+03  2.50000000E+03  5.00000000E+01   -2.177979E-02 -1.050915E-02    1.346514E-01  3.568302E-02
  5.00000000E+03  3.00000000E+03  5.00000000E+01   -8.720005E-03 -2.893191E-03    1.468593E-01  4.144459E-02
  5.00000000E+03  3.50000000E+03  5.00000000E+01    5.805008E-03  6.949700E-03    1.443737E-01  4.205754E-02
  5.00000000E+03  4.00000000E+03  5.00000000E+01    2.720999E-02  1.621939E-02    1.256789E-01  3.747097E-02
  5.00000000E+03  4.50000000E+03  5.00000000E+01    4.963419E-02  2.221957E-02    9.206994E-02  3.108317E-02
  5.00000000E+03  5.00000000E+03  5.00000000E+01    5.548524E-02  2.557718E-02    5.548524E-02  2.557718E-02
  5.00000000E+03  5.50000000E+03  5.00000000E+01    4.609267E-02  2.702348E-02    2.908686E-02  2.046287E-02
  5.00000000E+03  6.00000000E+03  5.00000000E+01    3.398294E-02  2.496707E-02    1.420165E-02  1.546058E-02
  5.50000000E+03  0.00000000E+00  5.00000000E+01   -1.553441E-02 -1.237883E-02    1.092776E-02  9.683732E-03
  5.50000000E+03  5.00000000E+02  5.00000000E+01   -2.074481E-02 -1.381859E-02    1.992191E-02  1.367722E-02
  5.50000000E+03  1.00000000E+03  5.00000000E+01   -2.572092E-02 -1.378951E-02    3.543097E-02  1.852689E-02
  5.50000000E+03  1.50000000E+03  5.00000000E+01   -2.605336E-02 -1.289177E-02    5.675629E-02  2.448008E-02
  5.50000000E+03  2.00000000E+03  5.00000000E+01   -2.022468E-02 -1.085179E-02    7.894824E-02  3.167390E-02
  5.50000000E+03  2.50000000E+03  5.00000000E+01   -1.259393E-02 -6.831028E-03    9.537806E-02  3.866580E-02
  5.50000000E+03  3.00000000E+03  5.00000000E+01   -5.267456E-03 -7.471794E-04    1.026873E-01  4.272350E-02
  5.50000000E+03  3.50000000E+03  5.00000000E+01    2.994901E-03  6.267623E-03    1.008597E-01  4.283190E-02
  5.50000000E+03  4.00000000E+03  5.00000000E+01    1.361832E-02  1.285337E-02    8.920096E-02  3.884352E-02
  5.50000000E+03  4.50000000E+03  5.00000000E+01    2.432053E-02  1.771791E-02    6.927766E-02  3.296705E-02
  5.50000000E+03  5.00000000E+03  5.00000000E+01    2.908686E-02  2.046287E-02    4.609267E-02  2.702348E-02
  5.50000000E+03  5.50000000E+03  5.00000000E+01    2.692853E-02  2.128787E-02    2.692853E-02  2.128787E-02
  5.50000000E+03  6.00000000E+03  5.00000000E+01    2.208814E-02  1.971662E-02    1.460110E-02  1.600331E-02
  6.00000000E+03  0.00000000E+00  5.00000000E+01   -1.043236E-02 -9.519966E-03    1.115382E-02  1.003168E-02
  6.00000000E+03  5.00000000E+02  5.00000000E+01   -1.216179E-02 -1.081025E-02    1.757557E-02  1.413748E-02
  6.00000000E+03  1.00000000E+03  5.00000000E+01   -1.388878E-02 -1.088050E-02    2.774328E-02  1.896340E-02
  6.00000000E+03  1.50000000E+03  5.00000000E+01   -1.350304E-02 -1.004574E-02    4.031836E-02  2.451525E-02
  6.00000000E+03  2.00000000E+03  5.00000000E+01   -1.079852E-02 -7.972283E-03    5.256861E-02  3.035690E-02
  6.00000000E+03  2.50000000E+03  5.00000000E+01   -7.172638E-03 -4.679488E-03    6.166569E-02  3.543454E-02
  6.00000000E+03  3.00000000E+03  5.00000000E+01   -3.560758E-03 -8.670413E-05    6.577920E-02  3.818998E-02
  6.00000000E+03  3.50000000E+03  5.00000000E+01    6.948489E-04  4.926176E-03    6.471834E-02  3.810049E-02
  6.00000000E+03  4.00000000E+03  5.00000000E+01    5.941711E-03  9.590284E-03    5.807467E-02  3.510529E-02
  6.00000000E+03  4.50000000E+03  5.00000000E+01    1.106171E-02  1.335037E-02    4.705377E-02  3.039730E-02
  6.00000000E+03  5.00000000E+03  5.00000000E+01    1.420165E-02  1.546058E-02    3.398294E-02  2.496707E-02
  6.00000000E+03  5.50000000E+03  5.00000000E+01    1.460110E-02  1.600331E-02    2.208814E-02  1.971662E-02
  6.00000000E+03  6.00000000E+03  5.00000000E+01    1.408400E-02  1.452820E-02    1.408400E-02  1.452820E-02
 
  0.00000000E+00  0.00000000E+00  5.00000000E+01   -1.311831E-03 -1.413379E-03   -1.311831E-03 -1.413379E-03
  0.00000000E+00  5.00000000E+02  5.00000000E+01    1.239047E-03 -5.171067E-04   -8.530182E-05 -1.235756E-03
  0.00000000E+00  1.00000000E+03  5.00000000E+01    1.598604E-03 -1.204692E-04    3.899404E-04 -1.021652E-03
  0.00000000E+00  1.50000000E+03  5.00000000E+01    2.091386E-03 -4.355157E-04    1.287212E-03 -1.371088E-03
  0.00000000E+00  2.00000000E+03  5.00000000E+01    2.965593E-03 -1.423631E-03    2.358009E-03 -2.554423E-03
  0.00000000E+00  2.50000000E+03  5.00000000E+01    3.634833E-03 -2.646051E-03    3.117311E-03 -4.784834E-03
  0.00000000E+00  3.00000000E+03  5.00000000E+01    3.703647E-03 -3.163229E-03    3.200362E-03 -8.110212E-03
  0.00000000E+00  3.50000000E+03  5.00000000E+01    2.697591E-03 -2.252041E-03    3.058641E-03 -1.159294E-02
  0.00000000E+00  4.00000000E+03  5.00000000E+01    1.142976E-03 -6.537267E-05    2.795856E-03 -1.317052E-02
  0.00000000E+00  4.50000000E+03  5.00000000E+01   -4.962473E-04  1.993301E-03    2.866885E-03 -1.209218E-02
  0.00000000E+00  5.00000000E+03  5.00000000E+01   -2.246340E-03  3.183640E-03    2.773539E-03 -8.921080E-03
  0.00000000E+00  5.50000000E+03  5.00000000E+01   -3.159054E-03  3.386139E-03    2.418142E-03 -5.612360E-03
  0.00000000E+00  6.00000000E+03  5.00000000E+01   -1.622542E-03  3.427841E-03    1.134220E-03 -3.382713E-03
  5.00000000E+02  0.00000000E+00  5.00000000E+01   -8.530178E-05 -1.235756E-03    1.239047E-03 -5.171066E-04
  5.00000000E+02  5.00000000E+02  5.00000000E+01    1.724404E-03 -1.211094E-04    1.724404E-03 -1.211093E-04
  5.00000000E+02  1.00000000E+03  5.00000000E+01    2.488731E-03 -2.062183E-04    2.650896E-03 -1.485480E-04
  5.00000000E+02  1.50000000E+03  5.00000000E+01    3.515645E-03 -1.440136E-03    3.779513E-03 -7.771362E-04
  5.00000000E+02  2.00000000E+03  5.00000000E+01    4.168387E-03 -3.627536E-03    4.959539E-03 -2.858612E-03
  5.00000000E+02  2.50000000E+03  5.00000000E+01    4.014718E-03 -6.512413E-03    5.028733E-03 -6.954827E-03
  5.00000000E+02  3.00000000E+03  5.00000000E+01    3.299645E-03 -8.087620E-03    3.052541E-03 -1.368225E-02
  5.00000000E+02  3.50000000E+03  5.00000000E+01    2.178289E-03 -6.167176E-03    3.511083E-05 -2.116953E-02
  5.00000000E+02  4.00000000E+03  5.00000000E+01    1.137589E-03 -3.162677E-04   -1.715061E-03 -2.494744E-02
  5.00000000E+02  4.50000000E+03  5.00000000E+01   -1.634856E-04  5.587085E-03   -8.554612E-04 -2.238404E-02
  5.00000000E+02  5.00000000E+03  5.00000000E+01   -2.209071E-03  8.132229E-03    1.212909E-03 -1.526696E-02
  5.00000000E+02  5.50000000E+03  5.00000000E+01   -3.764552E-03  7.479496E-03    2.666579E-03 -8.340291E-03
  5.00000000E+02  6.00000000E+03  5.00000000E+01   -3.064782E-03  5.752306E-03    2.497838E-03 -3.778094E-03
  1.00000000E+03  0.00000000E+00  5.00000000E+01    3.899405E-04 -1.021652E-03    1.598604E-03 -1.204692E-04
  1.00000000E+03  5.00000000E+02  5.00000000E+01    2.650896E-03 -1.485481E-04    2.488732E-03 -2.062184E-04
  1.00000000E+03  1.00000000E+03  5.00000000E+01    3.730102E-03 -6.960899E-04    3.730103E-03 -6.960901E-04
  1.00000000E+03  1.50000000E+03  5.00000000E+01    5.025880E-03 -2.901080E-03    5.209927E-03 -1.846794E-03
  1.00000000E+03  2.00000000E+03  5.00000000E+01    5.203628E-03 -7.274653E-03    6.434034E-03 -4.612649E-03
  1.00000000E+03  2.50000000E+03  5.00000000E+01    3.019261E-03 -1.360149E-02    5.607588E-03 -1.026309E-02
  1.00000000E+03  3.00000000E+03  5.00000000E+01   -5.564479E-04 -1.840146E-02   -3.583779E-04 -2.100038E-02
  1.00000000E+03  3.50000000E+03  5.00000000E+01   -1.848072E-03 -1.539619E-02   -1.046050E-02 -3.528632E-02
  1.00000000E+03  4.00000000E+03  5.00000000E+01    1.035066E-03 -1.042426E-03   -1.704771E-02 -4.315326E-02
  1.00000000E+03  4.50000000E+03  5.00000000E+01    3.414654E-03  1.396303E-02   -1.302358E-02 -3.707570E-02
  1.00000000E+03  5.00000000E+03  5.00000000E+01    1.354366E-03  1.852088E-02   -4.389889E-03 -2.287066E-02
  1.00000000E+03  5.50000000E+03  5.00000000E+01   -2.591387E-03  1.504956E-02    1.191294E-03 -1.114265E-02
  1.00000000E+03  6.00000000E+03  5.00000000E+01   -3.634875E-03  9.990308E-03    2.314799E-03 -4.448888E-03
  1.50000000E+03  0.00000000E+00  5.00000000E+01    1.287212E-03 -1.371088E-03    2.091386E-03 -4.355158E-04
  1.50000000E+03  5.00000000E+02  5.00000000E+01    3.779514E-03 -7.771366E-04    3.515645E-03 -1.440137E-03
  1.50000000E+03  1.00000000E+03  5.00000000E+01    5.209927E-03 -1.846794E-03    5.025881E-03 -2.901080E-03
  1.50000000E+03  1.50000000E+03  5.00000000E+01    7.028687E-03 -5.143801E-03    7.028688E-03 -5.143802E-03
  1.50000000E+03  2.00000000E+03  5.00000000E+01    6.595672E-03 -1.210786E-02    8.874657E-03 -8.563235E-03
  1.50000000E+03  2.50000000E+03  5.00000000E+01    1.057773E-03 -2.351731E-02    8.526151E-03 -1.454957E-02
  1.50000000E+03  3.00000000E+03  5.00000000E+01   -9.942718E-03 -3.563278E-02   -5.754874E-05 -2.643951E-02
  1.50000000E+03  3.50000000E+03  5.00000000E+01   -1.438694E-02 -3.283206E-02   -1.956061E-02 -4.512215E-02
  1.50000000E+03  4.00000000E+03  5.00000000E+01    3.136810E-04 -1.880275E-03   -3.385451E-02 -5.683809E-02
  1.50000000E+03  4.50000000E+03  5.00000000E+01    1.451341E-02  3.072538E-02   -2.451957E-02 -4.605138E-02
  1.50000000E+03  5.00000000E+03  5.00000000E+01    1.048380E-02  3.641156E-02   -7.424274E-03 -2.552164E-02
  1.50000000E+03  5.50000000E+03  5.00000000E+01   -1.736119E-04  2.603199E-02    1.046330E-03 -1.138240E-02
  1.50000000E+03  6.00000000E+03  5.00000000E+01   -4.175420E-03  1.553487E-02    2.353118E-03 -4.246905E-03
  2.00000000E+03  0.00000000E+00  5.00000000E+01    2.358009E-03 -2.554423E-03    2.965593E-03 -1.423631E-03
  2.00000000E+03  5.00000000E+02  5.00000000E+01    4.959540E-03 -2.858612E-03    4.168387E-03 -3.627536E-03
  2.00000000E+03  1.00000000E+03  5.00000000E+01    6.434034E-03 -4.612649E-03    5.203627E-03 -7.274653E-03
  2.00000000E+03  1.50000000E+03  5.00000000E+01    8.874656E-03 -8.563235E-03    6.595672E-03 -1.210786E-02
  2.00000000E+03  2.00000000E+03  5.00000000E+01    8.534662E-03 -1.709722E-02    8.534663E-03 -1.709722E-02
  2.00000000E+03  2.50000000E+03  5.00000000E+01    7.041047E-04 -3.308467E-02    9.982797E-03 -2.225103E-02
  2.00000000E+03  3.00000000E+03  5.00000000E+01   -1.881814E-02 -5.454362E-02    6.782569E-03 -2.873021E-02
  2.00000000E+03  3.50000000E+03  5.00000000E+01   -3.076301E-02 -5.536119E-02   -3.987062E-03 -3.768393E-02
  2.00000000E+03  4.00000000E+03  5.00000000E+01   -4.640970E-04 -1.903843E-03   -1.484571E-02 -4.272986E-02
  2.00000000E+03  4.50000000E+03  5.00000000E+01    2.877091E-02  5.448113E-02   -9.452012E-03 -3.265999E-02
  2.00000000E+03  5.00000000E+03  5.00000000E+01    1.897188E-02  5.744778E-02   -8.544178E-04 -1.791671E-02
  2.00000000E+03  5.50000000E+03  5.00000000E+01    6.671413E-04  3.714620E-02    2.519070E-03 -8.022541E-03
  2.00000000E+03  6.00000000E+03  5.00000000E+01   -5.417840E-03  2.068384E-02    2.261923E-03 -2.902522E-03
  2.50000000E+03  0.00000000E+00  5.00000000E+01    3.117311E-03 -4.784834E-03    3.634833E-03 -2.646051E-03
  2.50000000E+03  5.00000000E+02  5.00000000E+01    5.028733E-03 -6.954827E-03    4.014717E-03 -6.512412E-03
  2.50000000E+03  1.00000000E+03  5.00000000E+01    5.607588E-03 -1.026309E-02    3.019260E-03 -1.360149E-02
  2.50000000E+03  1.50000000E+03  5.00000000E+01    8.526150E-03 -1.454957E-02    1.057772E-03 -2.351731E-02
  2.50000000E+03  2.00000000E+03  5.00000000E+01    9.982797E-03 -2.225103E-02    7.041045E-04 -3.308467E-02
  2.50000000E+03  2.50000000E+03  5.00000000E+01    2.687059E-03 -3.868352E-02    2.687059E-03 -3.868352E-02
  2.50000000E+03  3.00000000E+03  5.00000000E+01   -1.908187E-02 -6.422580E-02    4.551951E-03 -3.820761E-02
  2.50000000E+03  3.50000000E+03  5.00000000E+01   -3.533971E-02 -6.681152E-02    5.146058E-03 -3.187232E-02
  2.50000000E+03  4.00000000E+03  5.00000000E+01   -6.833579E-04  1.180094E-03    2.824328E-03 -2.254264E-02
  2.50000000E+03  4.50000000E+03  5.00000000E+01    3.314161E-02  7.222218E-02    2.363346E-03 -1.477180E-02
  2.50000000E+03  5.00000000E+03  5.00000000E+01    1.933219E-02  7.184164E-02    2.698642E-03 -8.536278E-03
  2.50000000E+03  5.50000000E+03  5.00000000E+01   -9.895337E-04  4.463995E-02    2.216029E-03 -4.202293E-03
  2.50000000E+03  6.00000000E+03  5.00000000E+01   -7.130084E-03  2.418093E-02    1.533648E-03 -1.856387E-03
  3.00000000E+03  0.00000000E+00  5.00000000E+01    3.200362E-03 -8.110211E-03    3.703646E-03 -3.163229E-03
  3.00000000E+03  5.00000000E+02  5.00000000E+01    3.052541E-03 -1.368225E-02    3.299644E-03 -8.087620E-03
  3.00000000E+03  1.00000000E+03  5.00000000E+01   -3.583777E-04 -2.100038E-02   -5.564484E-04 -1.840146E-02
  3.00000000E+03  1.50000000E+03  5.00000000E+01   -5.754870E-05 -2.643951E-02   -9.942718E-03 -3.563278E-02
  3.00000000E+03  2.00000000E+03  5.00000000E+01    6.782569E-03 -2.873021E-02   -1.881814E-02 -5.454362E-02
  3.00000000E+03  2.50000000E+03  5.00000000E+01    4.551951E-03 -3.820761E-02   -1.908187E-02 -6.422580E-02
  3.00000000E+03  3.00000000E+03  5.00000000E+01   -1.358086E-02 -5.798371E-02   -1.358086E-02 -5.798371E-02
  3.00000000E+03  3.50000000E+03  5.00000000E+01   -2.621605E-02 -5.659823E-02   -2.458732E-03 -3.632179E-02
  3.00000000E+03  4.00000000E+03  5.00000000E+01    1.043364E-03  9.889270E-03    4.426433E-03 -1.291711E-02
  3.00000000E+03  4.50000000E+03  5.00000000E+01    3.226727E-02  7.889069E-02    1.465237E-03 -5.381831E-03
  3.00000000E+03  5.00000000E+03  5.00000000E+01    1.812727E-02  7.684569E-02    2.617295E-04 -3.314710E-03
  3.00000000E+03  5.50000000E+03  5.00000000E+01   -2.130836E-03  4.746500E-02   -2.489354E-04 -1.989737E-03
  3.00000000E+03  6.00000000E+03  5.00000000E+01   -7.947570E-03  2.557534E-02   -4.009526E-04 -1.295199E-03
  3.50000000E+03  0.00000000E+00  5.00000000E+01    3.058641E-03 -1.159294E-02    2.697591E-03 -2.252042E-03
  3.50000000E+03  5.00000000E+02  5.00000000E+01    3.511078E-05 -2.116953E-02    2.178289E-03 -6.167176E-03
  3.50000000E+03  1.00000000E+03  5.00000000E+01   -1.046050E-02 -3.528632E-02   -1.848071E-03 -1.539619E-02
  3.50000000E+03  1.50000000E+03  5.00000000E+01   -1.956061E-02 -4.512215E-02   -1.438694E-02 -3.283206E-02
  3.50000000E+03  2.00000000E+03  5.00000000E+01   -3.987062E-03 -3.768393E-02   -3.076301E-02 -5.536119E-02
  3.50000000E+03  2.50000000E+03  5.00000000E+01    5.146059E-03 -3.187232E-02   -3.533971E-02 -6.681152E-02
  3.50000000E+03  3.00000000E+03  5.00000000E+01   -2.458732E-03 -3.632179E-02   -2.621605E-02 -5.659823E-02
  3.50000000E+03  3.50000000E+03  5.00000000E+01   -7.767755E-03 -2.725156E-02   -7.767755E-03 -2.725156E-02
  3.50000000E+03  4.00000000E+03  5.00000000E+01    4.051506E-03  2.264673E-02    2.018294E-03 -1.598457E-03
  3.50000000E+03  4.50000000E+03  5.00000000E+01    3.027761E-02  7.786529E-02   -2.011615E-03  3.137496E-03
  3.50000000E+03  5.00000000E+03  5.00000000E+01    1.856297E-02  7.531315E-02   -3.324657E-03  1.490080E-03
  3.50000000E+03  5.50000000E+03  5.00000000E+01   -1.557314E-03  4.676453E-02   -2.907347E-03  7.104194E-05
  3.50000000E+03  6.00000000E+03  5.00000000E+01   -7.445852E-03  2.526329E-02   -2.200138E-03 -8.319552E-04
  4.00000000E+03  0.00000000E+00  5.00000000E+01    2.795856E-03 -1.317052E-02    1.142976E-03 -6.537272E-05
  4.00000000E+03  5.00000000E+02  5.00000000E+01   -1.715061E-03 -2.494744E-02    1.137589E-03 -3.162678E-04
  4.00000000E+03  1.00000000E+03  5.00000000E+01   -1.704771E-02 -4.315326E-02    1.035066E-03 -1.042426E-03
  4.00000000E+03  1.50000000E+03  5.00000000E+01   -3.385451E-02 -5.683809E-02    3.136811E-04 -1.880275E-03
  4.00000000E+03  2.00000000E+03  5.00000000E+01   -1.484571E-02 -4.272986E-02   -4.640969E-04 -1.903843E-03
  4.00000000E+03  2.50000000E+03  5.00000000E+01    2.824328E-03 -2.254264E-02   -6.833579E-04  1.180094E-03
  4.00000000E+03  3.00000000E+03  5.00000000E+01    4.426433E-03 -1.291711E-02    1.043364E-03  9.889270E-03
  4.00000000E+03  3.50000000E+03  5.00000000E+01    2.018294E-03 -1.598457E-03    4.051506E-03  2.264673E-02
  4.00000000E+03  4.00000000E+03  5.00000000E+01    5.832937E-03  2.870992E-02    5.832937E-03  2.870992E-02
  4.00000000E+03  4.50000000E+03  5.00000000E+01    2.779954E-02  6.747109E-02    1.790842E-03  2.167888E-02
  4.00000000E+03  5.00000000E+03  5.00000000E+01    1.948097E-02  6.562867E-02   -2.915243E-03  1.117340E-02
  4.00000000E+03  5.50000000E+03  5.00000000E+01    3.966349E-04  4.153914E-02   -4.153809E-03  4.083709E-03
  4.00000000E+03  6.00000000E+03  5.00000000E+01   -5.933052E-03  2.292135E-02   -3.348919E-03  3.913930E-04
  4.50000000E+03  0.00000000E+00  5.00000000E+01    2.866885E-03 -1.209218E-02   -4.962473E-04  1.993301E-03
  4.50000000E+03  5.00000000E+02  5.00000000E+01   -8.554611E-04 -2.238404E-02   -1.634856E-04  5.587085E-03
  4.50000000E+03  1.00000000E+03  5.00000000E+01   -1.302358E-02 -3.707570E-02    3.414654E-03  1.396303E-02
  4.50000000E+03  1.50000000E+03  5.00000000E+01   -2.451957E-02 -4.605138E-02    1.451341E-02  3.072538E-02
  4.50000000E+03  2.00000000E+03  5.00000000E+01   -9.452012E-03 -3.265999E-02    2.877091E-02  5.448113E-02
  4.50000000E+03  2.50000000E+03  5.00000000E+01    2.363346E-03 -1.477180E-02    3.314161E-02  7.222218E-02
  4.50000000E+03  3.00000000E+03  5.00000000E+01    1.465237E-03 -5.381831E-03    3.226727E-02  7.889069E-02
  4.50000000E+03  3.50000000E+03  5.00000000E+01   -2.011615E-03  3.137496E-03    3.027761E-02  7.786529E-02
  4.50000000E+03  4.00000000E+03  5.00000000E+01    1.790842E-03  2.167888E-02    2.779954E-02  6.747109E-02
  4.50000000E+03  4.50000000E+03  5.00000000E+01    1.703284E-02  4.559387E-02    1.703284E-02  4.559387E-02
  4.50000000E+03  5.00000000E+03  5.00000000E+01    1.397910E-02  4.651599E-02    2.912898E-03  2.296176E-02
  4.50000000E+03  5.50000000E+03  5.00000000E+01    4.629446E-04  3.156477E-02   -3.339412E-03  9.059640E-03
  4.50000000E+03  6.00000000E+03  5.00000000E+01   -4.619042E-03  1.847350E-02   -3.992774E-03  2.556254E-03
  5.00000000E+03  0.00000000E+00  5.00000000E+01    2.773539E-03 -8.921081E-03   -2.246340E-03  3.183640E-03
  5.00000000E+03  5.00000000E+02  5.00000000E+01    1.212909E-03 -1.526696E-02   -2.209071E-03  8.132230E-03
  5.00000000E+03  1.00000000E+03  5.00000000E+01   -4.389889E-03 -2.287066E-02    1.354366E-03  1.852088E-02
  5.00000000E+03  1.50000000E+03  5.00000000E+01   -7.424274E-03 -2.552164E-02    1.048380E-02  3.641156E-02
  5.00000000E+03  2.00000000E+03  5.00000000E+01   -8.544179E-04 -1.791671E-02    1.897188E-02  5.744778E-02
  5.00000000E+03  2.50000000E+03  5.00000000E+01    2.698642E-03 -8.536278E-03    1.933219E-02  7.184164E-02
  5.00000000E+03  3.00000000E+03  5.00000000E+01    2.617295E-04 -3.314710E-03    1.812727E-02  7.684569E-02
  5.00000000E+03  3.50000000E+03  5.00000000E+01   -3.324657E-03  1.490080E-03    1.856297E-02  7.531315E-02
  5.00000000E+03  4.00000000E+03  5.00000000E+01   -2.915243E-03  1.117340E-02    1.948097E-02  6.562867E-02
  5.00000000E+03  4.50000000E+03  5.00000000E+01    2.912898E-03  2.296176E-02    1.397910E-02  4.651599E-02
  5.00000000E+03  5.00000000E+03  5.00000000E+01    3.301208E-03  2.552727E-02    3.301208E-03  2.552727E-02
  5.00000000E+03  5.50000000E+03  5.00000000E+01   -2.258616E-03  1.976332E-02   -3.043842E-03  1.125706E-02
  5.00000000E+03  6.00000000E+03  5.00000000E+01   -3.959359E-03  1.273138E-02   -3.991879E-03  3.945866E-03
  5.50000000E+03  0.00000000E+00  5.00000000E+01    2.418142E-03 -5.612360E-03   -3.159054E-03  3.386139E-03
  5.50000000E+03  5.00000000E+02  5.00000000E+01    2.666579E-03 -8.340292E-03   -3.764552E-03  7.479496E-03
  5.50000000E+03  1.00000000E+03  5.00000000E+01    1.191294E-03 -1.114265E-02   -2.591387E-03  1.504956E-02
  5.50000000E+03  1.50000000E+03  5.00000000E+01    1.046330E-03 -1.138240E-02   -1.736119E-04  2.603199E-02
  5.50000000E+03  2.00000000E+03  5.00000000E+01    2.519070E-03 -8.022541E-03    6.671413E-04  3.714620E-02
  5.50000000E+03  2.50000000E+03  5.00000000E+01    2.216029E-03 -4.202294E-03   -9.895337E-04  4.463995E-02
  5.50000000E+03  3.00000000E+03  5.00000000E+01   -2.489354E-04 -1.989737E-03   -2.130836E-03  4.746500E-02
  5.50000000E+03  3.50000000E+03  5.00000000E+01   -2.907347E-03  7.104193E-05   -1.557314E-03  4.676453E-02
  5.50000000E+03  4.00000000E+03  5.00000000E+01   -4.153809E-03  4.083709E-03    3.966349E-04  4.153914E-02
  5.50000000E+03  4.50000000E+03  5.00000000E+01   -3.339412E-03  9.059640E-03    4.629446E-04  3.156477E-02
  5.50000000E+03  5.00000000E+03  5.00000000E+01   -3.043842E-03  1.125706E-02   -2.258616E-03  1.976332E-02
  5.50000000E+03  5.50000000E+03  5.00000000E+01   -4.095077E-03  1.001863E-02   -4.095077E-03  1.001863E-02
  5.50000000E+03  6.00000000E+03  5.00000000E+01   -3.655464E-03  7.848436E-03   -3.823255E-03  4.296636E-03
  6.00000000E+03  0.00000000E+00  5.00000000E+01    1.134220E-03 -3.382713E-03   -1.622542E-03  3.427841E-03
  6.00000000E+03  5.00000000E+02  5.00000000E+01    2.497838E-03 -3.778094E-03   -3.064782E-03  5.752306E-03
  6.00000000E+03  1.00000000E+03  5.00000000E+01    2.314799E-03 -4.448888E-03   -3.634875E-03  9.990308E-03
  6.00000000E+03  1.50000000E+03  5.00000000E+01    2.353118E-03 -4.246905E-03   -4.175420E-03  1.553487E-02
  6.00000000E+03  2.00000000E+03  5.00000000E+01    2.261923E-03 -2.902522E-03   -5.417840E-03  2.068384E-02
  6.00000000E+03  2.50000000E+03  5.00000000E+01    1.533648E-03 -1.856387E-03   -7.130084E-03  2.418093E-02
  6.00000000E+03  3.00000000E+03  5.00000000E+01   -4.009526E-04 -1.295199E-03   -7.947570E-03  2.557534E-02
  6.00000000E+03  3.50000000E+03  5.00000000E+01   -2.200138E-03 -8.319552E-04   -7.445852E-03  2.526329E-02
  6.00000000E+03  4.00000000E+03  5.00000000E+01   -3.348919E-03  3.913930E-04   -5.933052E-03  2.292135E-02
  6.00000000E+03  4.50000000E+03  5.00000000E+01   -3.992774E-03  2.556254E-03   -4.619042E-03  1.847350E-02
  6.00000000E+03  5.00000000E+03  5.00000000E+01   -3.991879E-03  3.945866E-03   -3.959359E-03  1.273138E-02
  6.00000000E+03  5.50000000E+03  5.00000000E+01   -3.823255E-03  4.296636E-03   -3.655464E-03  7.848436E-03
  6.00000000E+03  6.00000000E+03  5.00000000E+01   -1.669427E-03  4.436527E-03   -1.669427E-03  4.436527E-03
 
  0.00000000E+00  0.00000000E+00  5.00000000E+01    1.366106E-04 -2.594912E-04    1.366105E-04 -2.594912E-04
  0.00000000E+00  5.00000000E+02  5.00000000E+01    5.330026E-04  4.313411E-05    4.989123E-04 -2.201764E-04
  0.00000000E+00  1.00000000E+03  5.00000000E+01    2.034270E-04  5.000114E-05    1.992260E-04 -3.268270E-04
  0.00000000E+00  1.50000000E+03  5.00000000E+01   -7.555883E-05  1.390472E-04    4.163084E-04 -3.284929E-04
  0.00000000E+00  2.00000000E+03  5.00000000E+01    1.089066E-04  4.191774E-04    7.122808E-04 -2.248370E-04
  0.00000000E+00  2.50000000E+03  5.00000000E+01    5.045069E-04  5.960319E-04    8.828135E-04 -3.914079E-05
  0.00000000E+00  3.00000000E+03  5.00000000E+01    7.428642E-04  8.333620E-04    1.014079E-03  1.159287E-04
  0.00000000E+00  3.50000000E+03  5.00000000E+01    3.638819E-04  6.614345E-04    1.467396E-03  1.161826E-04
  0.00000000E+00  4.00000000E+03  5.00000000E+01   -2.118758E-06  5.824759E-04    1.469207E-03  1.124678E-04
  0.00000000E+00  4.50000000E+03  5.00000000E+01    1.108239E-04  1.852018E-04    1.281703E-03 -3.285662E-05
  0.00000000E+00  5.00000000E+03  5.00000000E+01   -3.389697E-04 -1.088854E-04    7.457467E-04 -1.888920E-04
  0.00000000E+00  5.50000000E+03  5.00000000E+01   -5.358860E-04 -2.559066E-04    4.898189E-04 -6.680323E-05
  0.00000000E+00  6.00000000E+03  5.00000000E+01   -6.580896E-04  1.810419E-04    5.149274E-04 -3.865751E-04
  5.00000000E+02  0.00000000E+00  5.00000000E+01    4.989123E-04 -2.201764E-04    5.330024E-04  4.313415E-05
  5.00000000E+02  5.00000000E+02  5.00000000E+01    3.521235E-05  1.968643E-05    3.521211E-05  1.968651E-05
  5.00000000E+02  1.00000000E+03  5.00000000E+01    1.995767E-04  9.516765E-05    7.771333E-05  3.810678E-05
  5.00000000E+02  1.50000000E+03  5.00000000E+01    4.597205E-04  1.296456E-05    1.269239E-04  1.187796E-04
  5.00000000E+02  2.00000000E+03  5.00000000E+01    4.612022E-04  5.306842E-04    5.882327E-04  1.169040E-04
  5.00000000E+02  2.50000000E+03  5.00000000E+01    8.748922E-04  6.773723E-04    1.159642E-03  2.384549E-04
  5.00000000E+02  3.00000000E+03  5.00000000E+01    1.363649E-03  1.065570E-03    2.383606E-03  2.742147E-04
  5.00000000E+02  3.50000000E+03  5.00000000E+01    9.677708E-04  7.509823E-04    4.127620E-03  4.072010E-04
  5.00000000E+02  4.00000000E+03  5.00000000E+01   -7.115301E-05  5.410902E-04    5.005566E-03  5.083618E-04
  5.00000000E+02  4.50000000E+03  5.00000000E+01   -7.405057E-04  3.682547E-05    4.127075E-03  3.224883E-04
  5.00000000E+02  5.00000000E+03  5.00000000E+01   -1.366528E-03 -3.936502E-04    2.068491E-03  9.310103E-05
  5.00000000E+02  5.50000000E+03  5.00000000E+01   -1.080731E-03  1.120350E-05    6.752499E-04 -1.026628E-04
  5.00000000E+02  6.00000000E+03  5.00000000E+01   -6.827000E-04 -1.238405E-04    5.207795E-05  7.474941E-05
  1.00000000E+03  0.00000000E+00  5.00000000E+01    1.992260E-04 -3.268269E-04    2.034271E-04  5.000121E-05
  1.00000000E+03  5.00000000E+02  5.00000000E+01    7.771373E-05  3.810671E-05    1.995771E-04  9.516774E-05
  1.00000000E+03  1.00000000E+03  5.00000000E+01    2.299664E-04  5.965583E-05    2.299671E-04  5.965592E-05
  1.00000000E+03  1.50000000E+03  5.00000000E+01    4.946850E-04  1.812082E-04    1.932108E-04  6.370107E-05
  1.00000000E+03  2.00000000E+03  5.00000000E+01    8.899152E-04  7.775735E-04    4.318715E-04  2.403170E-04
  1.00000000E+03  2.50000000E+03  5.00000000E+01    2.277658E-03  8.107876E-04    1.394692E-03  5.615051E-04
  1.00000000E+03  3.00000000E+03  5.00000000E+01    4.185874E-03  4.730219E-04    4.838477E-03 -1.114898E-03
  1.00000000E+03  3.50000000E+03  5.00000000E+01    3.915269E-03  1.069393E-05    1.108510E-02 -5.544996E-03
  1.00000000E+03  4.00000000E+03  5.00000000E+01    2.158083E-04  3.914583E-04    1.408873E-02 -8.226719E-03
  1.00000000E+03  4.50000000E+03  5.00000000E+01   -3.468693E-03  5.932117E-04    1.120653E-02 -5.586025E-03
  1.00000000E+03  5.00000000E+03  5.00000000E+01   -4.213138E-03  8.124528E-06    5.119557E-03 -1.289612E-03
  1.00000000E+03  5.50000000E+03  5.00000000E+01   -2.398470E-03 -3.727862E-04    1.503039E-03  2.632465E-04
  1.00000000E+03  6.00000000E+03  5.00000000E+01   -1.123538E-03 -8.690740E-05    1.414970E-04 -9.422333E-05
  1.50000000E+03  0.00000000E+00  5.00000000E+01    4.163089E-04 -3.284928E-04   -7.555843E-05  1.390472E-04
  1.50000000E+03  5.00000000E+02  5.00000000E+01    1.269249E-04  1.187795E-04    4.597215E-04  1.296449E-05
  1.50000000E+03  1.00000000E+03  5.00000000E+01    1.932104E-04  6.370099E-05    4.946864E-04  1.812081E-04
  1.50000000E+03  1.50000000E+03  5.00000000E+01    6.985411E-04  3.019179E-04    6.985429E-04  3.019178E-04
  1.50000000E+03  2.00000000E+03  5.00000000E+01    1.783143E-03  9.007782E-04    9.946320E-04  7.612788E-04
  1.50000000E+03  2.50000000E+03  5.00000000E+01    5.300966E-03 -2.192192E-05    2.319916E-03  1.094417E-03
  1.50000000E+03  3.00000000E+03  5.00000000E+01    1.075179E-02 -6.775295E-03    6.489351E-03 -3.449417E-03
  1.50000000E+03  3.50000000E+03  5.00000000E+01    9.762171E-03 -7.965301E-03    1.412997E-02 -1.860654E-02
  1.50000000E+03  4.00000000E+03  5.00000000E+01    2.674684E-04  2.906905E-04    1.874135E-02 -2.798109E-02
  1.50000000E+03  4.50000000E+03  5.00000000E+01   -9.239771E-03  8.456915E-03    1.440627E-02 -1.914781E-02
  1.50000000E+03  5.00000000E+03  5.00000000E+01   -1.071638E-02  7.111816E-03    6.464501E-03 -4.195382E-03
  1.50000000E+03  5.50000000E+03  5.00000000E+01   -5.568605E-03  1.928063E-04    1.825304E-03  2.831222E-04
  1.50000000E+03  6.00000000E+03  5.00000000E+01   -2.195724E-03 -2.668552E-04    1.338048E-04 -2.279909E-04
  2.00000000E+03  0.00000000E+00  5.00000000E+01    7.122814E-04 -2.248369E-04    1.089065E-04  4.191773E-04
  2.00000000E+03  5.00000000E+02  5.00000000E+01    5.882339E-04  1.169039E-04    4.612019E-04  5.306842E-04
  2.00000000E+03  1.00000000E+03  5.00000000E+01    4.318714E-04  2.403169E-04    8.899150E-04  7.775736E-04
  2.00000000E+03  1.50000000E+03  5.00000000E+01    9.946307E-04  7.612789E-04    1.783143E-03  9.007782E-04
  2.00000000E+03  2.00000000E+03  5.00000000E+01    2.538165E-03  1.474063E-03    2.538166E-03  1.474063E-03
  2.00000000E+03  2.50000000E+03  5.00000000E+01    8.473989E-03 -6.258304E-04    3.747253E-03  1.784849E-03
  2.00000000E+03  3.00000000E+03  5.00000000E+01    1.812537E-02 -1.593285E-02    5.797360E-03  3.866990E-04
  2.00000000E+03  3.50000000E+03  5.00000000E+01    1.595471E-02 -1.982896E-02    8.862020E-03 -4.452745E-03
  2.00000000E+03  4.00000000E+03  5.00000000E+01    3.540296E-04  9.452621E-05    9.959835E-03 -7.992541E-03
  2.00000000E+03  4.50000000E+03  5.00000000E+01   -1.563220E-02  1.978297E-02    8.153776E-03 -4.950161E-03
  2.00000000E+03  5.00000000E+03  5.00000000E+01   -1.823380E-02  1.605799E-02    3.915556E-03 -8.003268E-04
  2.00000000E+03  5.50000000E+03  5.00000000E+01   -8.966429E-03  6.291622E-04    1.043286E-03  4.982199E-04
  2.00000000E+03  6.00000000E+03  5.00000000E+01   -3.217680E-03 -8.598936E-04   -2.514351E-04 -1.771547E-05
  2.50000000E+03  0.00000000E+00  5.00000000E+01    8.828136E-04 -3.914068E-05    5.045063E-04  5.960319E-04
  2.50000000E+03  5.00000000E+02  5.00000000E+01    1.159643E-03  2.384549E-04    8.748908E-04  6.773724E-04
  2.50000000E+03  1.00000000E+03  5.00000000E+01    1.394692E-03  5.615051E-04    2.277656E-03  8.107877E-04
  2.50000000E+03  1.50000000E+03  5.00000000E+01    2.319915E-03  1.094417E-03    5.300965E-03 -2.192184E-05
  2.50000000E+03  2.00000000E+03  5.00000000E+01    3.747253E-03  1.784848E-03    8.473989E-03 -6.258304E-04
  2.50000000E+03  2.50000000E+03  5.00000000E+01    1.027404E-02 -5.940690E-04    1.027404E-02 -5.940689E-04
  2.50000000E+03  3.00000000E+03  5.00000000E+01    2.222136E-02 -1.837429E-02    9.660877E-03 -6.874177E-04
  2.50000000E+03  3.50000000E+03  5.00000000E+01    1.906132E-02 -2.288501E-02    6.938556E-03 -4.836109E-04
  2.50000000E+03  4.00000000E+03  5.00000000E+01   -2.073559E-04  6.708635E-05    5.002274E-03 -7.354441E-04
  2.50000000E+03  4.50000000E+03  5.00000000E+01   -2.011678E-02  2.221731E-02    3.136396E-03  1.709135E-04
  2.50000000E+03  5.00000000E+03  5.00000000E+01   -2.318820E-02  1.773004E-02    1.318996E-03  4.670954E-04
  2.50000000E+03  5.50000000E+03  5.00000000E+01   -1.096624E-02  3.689754E-04    1.716184E-04  4.392686E-04
  2.50000000E+03  6.00000000E+03  5.00000000E+01   -3.897710E-03 -1.348685E-03   -1.478131E-05 -3.149076E-05
  3.00000000E+03  0.00000000E+00  5.00000000E+01    1.014079E-03  1.159288E-04    7.428642E-04  8.333620E-04
  3.00000000E+03  5.00000000E+02  5.00000000E+01    2.383606E-03  2.742147E-04    1.363649E-03  1.065570E-03
  3.00000000E+03  1.00000000E+03  5.00000000E+01    4.838477E-03 -1.114898E-03    4.185874E-03  4.730219E-04
  3.00000000E+03  1.50000000E+03  5.00000000E+01    6.489351E-03 -3.449417E-03    1.075179E-02 -6.775295E-03
  3.00000000E+03  2.00000000E+03  5.00000000E+01    5.797360E-03  3.866990E-04    1.812537E-02 -1.593285E-02
  3.00000000E+03  2.50000000E+03  5.00000000E+01    9.660877E-03 -6.874177E-04    2.222136E-02 -1.837429E-02
  3.00000000E+03  3.00000000E+03  5.00000000E+01    1.924531E-02 -1.672465E-02    1.924531E-02 -1.672465E-02
  3.00000000E+03  3.50000000E+03  5.00000000E+01    1.602754E-02 -2.016354E-02    1.030604E-02 -7.508435E-03
  3.00000000E+03  4.00000000E+03  5.00000000E+01   -2.069178E-03  8.529823E-04    3.609811E-03 -9.575352E-04
  3.00000000E+03  4.50000000E+03  5.00000000E+01   -2.141527E-02  2.297603E-02    1.406235E-03 -1.744177E-04
  3.00000000E+03  5.00000000E+03  5.00000000E+01   -2.442289E-02  1.782487E-02    4.617506E-04  1.158927E-04
  3.00000000E+03  5.50000000E+03  5.00000000E+01   -1.147624E-02  1.864491E-04   -2.192279E-04 -1.772971E-05
  3.00000000E+03  6.00000000E+03  5.00000000E+01   -4.034333E-03 -1.564805E-03   -2.433042E-04 -1.572427E-04
  3.50000000E+03  0.00000000E+00  5.00000000E+01    1.467395E-03  1.161827E-04    3.638824E-04  6.614345E-04
  3.50000000E+03  5.00000000E+02  5.00000000E+01    4.127620E-03  4.072010E-04    9.677715E-04  7.509822E-04
  3.50000000E+03  1.00000000E+03  5.00000000E+01    1.108510E-02 -5.544996E-03    3.915270E-03  1.069384E-05
  3.50000000E+03  1.50000000E+03  5.00000000E+01    1.412997E-02 -1.860654E-02    9.762171E-03 -7.965301E-03
  3.50000000E+03  2.00000000E+03  5.00000000E+01    8.862020E-03 -4.452745E-03    1.595471E-02 -1.982896E-02
  3.50000000E+03  2.50000000E+03  5.00000000E+01    6.938556E-03 -4.836109E-04    1.906132E-02 -2.288501E-02
  3.50000000E+03  3.00000000E+03  5.00000000E+01    1.030604E-02 -7.508435E-03    1.602754E-02 -2.016354E-02
  3.50000000E+03  3.50000000E+03  5.00000000E+01    7.439252E-03 -7.784422E-03    7.439252E-03 -7.784422E-03
  3.50000000E+03  4.00000000E+03  5.00000000E+01   -4.748678E-03  2.569071E-03    1.085171E-03 -5.948837E-04
  3.50000000E+03  4.50000000E+03  5.00000000E+01   -2.173431E-02  2.294509E-02   -8.308835E-04 -9.369983E-05
  3.50000000E+03  5.00000000E+03  5.00000000E+01   -2.453526E-02  1.766202E-02   -4.831886E-04 -1.577610E-04
  3.50000000E+03  5.50000000E+03  5.00000000E+01   -1.159057E-02  1.238961E-04   -3.193551E-04 -2.185436E-04
  3.50000000E+03  6.00000000E+03  5.00000000E+01   -3.869370E-03 -1.484905E-03   -6.089736E-05 -1.516494E-04
  4.00000000E+03  0.00000000E+00  5.00000000E+01    1.469207E-03  1.124678E-04   -2.118578E-06  5.824760E-04
  4.00000000E+03  5.00000000E+02  5.00000000E+01    5.005566E-03  5.083618E-04   -7.115260E-05  5.410903E-04
  4.00000000E+03  1.00000000E+03  5.00000000E+01    1.408873E-02 -8.226719E-03    2.158087E-04  3.914583E-04
  4.00000000E+03  1.50000000E+03  5.00000000E+01    1.874135E-02 -2.798109E-02    2.674686E-04  2.906906E-04
  4.00000000E+03  2.00000000E+03  5.00000000E+01    9.959835E-03 -7.992541E-03    3.540297E-04  9.452621E-05
  4.00000000E+03  2.50000000E+03  5.00000000E+01    5.002274E-03 -7.354441E-04   -2.073558E-04  6.708636E-05
  4.00000000E+03  3.00000000E+03  5.00000000E+01    3.609811E-03 -9.575352E-04   -2.069178E-03  8.529823E-04
  4.00000000E+03  3.50000000E+03  5.00000000E+01    1.085171E-03 -5.948837E-04   -4.748678E-03  2.569071E-03
  4.00000000E+03  4.00000000E+03  5.00000000E+01   -5.850298E-03  3.597544E-03   -5.850298E-03  3.597544E-03
  4.00000000E+03  4.50000000E+03  5.00000000E+01   -1.946991E-02  2.196813E-02   -5.253809E-03  2.120636E-03
  4.00000000E+03  5.00000000E+03  5.00000000E+01   -2.181932E-02  1.723840E-02   -2.854353E-03 -3.944948E-05
  4.00000000E+03  5.50000000E+03  5.00000000E+01   -1.036700E-02  3.310814E-04   -9.230612E-04 -6.223200E-04
  4.00000000E+03  6.00000000E+03  5.00000000E+01   -3.485848E-03 -1.177408E-03    2.168559E-04 -4.331767E-04
  4.50000000E+03  0.00000000E+00  5.00000000E+01    1.281703E-03 -3.285663E-05    1.108238E-04  1.852018E-04
  4.50000000E+03  5.00000000E+02  5.00000000E+01    4.127075E-03  3.224883E-04   -7.405059E-04  3.682554E-05
  4.50000000E+03  1.00000000E+03  5.00000000E+01    1.120653E-02 -5.586025E-03   -3.468693E-03  5.932118E-04
  4.50000000E+03  1.50000000E+03  5.00000000E+01    1.440627E-02 -1.914781E-02   -9.239771E-03  8.456915E-03
  4.50000000E+03  2.00000000E+03  5.00000000E+01    8.153776E-03 -4.950161E-03   -1.563220E-02  1.978297E-02
  4.50000000E+03  2.50000000E+03  5.00000000E+01    3.136396E-03  1.709135E-04   -2.011678E-02  2.221731E-02
  4.50000000E+03  3.00000000E+03  5.00000000E+01    1.406235E-03 -1.744177E-04   -2.141527E-02  2.297603E-02
  4.50000000E+03  3.50000000E+03  5.00000000E+01   -8.308835E-04 -9.369983E-05   -2.173431E-02  2.294509E-02
  4.50000000E+03  4.00000000E+03  5.00000000E+01   -5.253809E-03  2.120636E-03   -1.946991E-02  2.196813E-02
  4.50000000E+03  4.50000000E+03  5.00000000E+01   -1.377202E-02  1.354630E-02   -1.377202E-02  1.354630E-02
  4.50000000E+03  5.00000000E+03  5.00000000E+01   -1.455775E-02  1.087310E-02   -6.302739E-03  2.356534E-03
  4.50000000E+03  5.50000000E+03  5.00000000E+01   -7.345519E-03  9.534185E-06   -1.826667E-03 -8.032503E-04
  4.50000000E+03  6.00000000E+03  5.00000000E+01   -2.673905E-03 -7.457651E-04   -4.079374E-04 -3.168738E-04
  5.00000000E+03  0.00000000E+00  5.00000000E+01    7.457467E-04 -1.888920E-04   -3.389698E-04 -1.088854E-04
  5.00000000E+03  5.00000000E+02  5.00000000E+01    2.068491E-03  9.310104E-05   -1.366528E-03 -3.936502E-04
  5.00000000E+03  1.00000000E+03  5.00000000E+01    5.119557E-03 -1.289612E-03   -4.213138E-03  8.124525E-06
  5.00000000E+03  1.50000000E+03  5.00000000E+01    6.464501E-03 -4.195382E-03   -1.071638E-02  7.111816E-03
  5.00000000E+03  2.00000000E+03  5.00000000E+01    3.915556E-03 -8.003268E-04   -1.823380E-02  1.605799E-02
  5.00000000E+03  2.50000000E+03  5.00000000E+01    1.318996E-03  4.670954E-04   -2.318820E-02  1.773004E-02
  5.00000000E+03  3.00000000E+03  5.00000000E+01    4.617507E-04  1.158927E-04   -2.442289E-02  1.782487E-02
  5.00000000E+03  3.50000000E+03  5.00000000E+01   -4.831886E-04 -1.577611E-04   -2.453526E-02  1.766202E-02
  5.00000000E+03  4.00000000E+03  5.00000000E+01   -2.854353E-03 -3.944948E-05   -2.181932E-02  1.723840E-02
  5.00000000E+03  4.50000000E+03  5.00000000E+01   -6.302739E-03  2.356534E-03   -1.455775E-02  1.087310E-02
  5.00000000E+03  5.00000000E+03  5.00000000E+01   -6.529918E-03  1.878887E-03   -6.529918E-03  1.878887E-03
  5.00000000E+03  5.50000000E+03  5.00000000E+01   -4.115492E-03 -3.302383E-04   -2.203290E-03 -9.781164E-04
  5.00000000E+03  6.00000000E+03  5.00000000E+01   -1.506604E-03 -5.385137E-04   -5.871090E-04 -5.019355E-04
  5.50000000E+03  0.00000000E+00  5.00000000E+01    4.898189E-04 -6.680322E-05   -5.358860E-04 -2.559066E-04
  5.50000000E+03  5.00000000E+02  5.00000000E+01    6.752499E-04 -1.026628E-04   -1.080731E-03  1.120351E-05
  5.50000000E+03  1.00000000E+03  5.00000000E+01    1.503039E-03  2.632465E-04   -2.398470E-03 -3.727862E-04
  5.50000000E+03  1.50000000E+03  5.00000000E+01    1.825304E-03  2.831222E-04   -5.568605E-03  1.928063E-04
  5.50000000E+03  2.00000000E+03  5.00000000E+01    1.043286E-03  4.982199E-04   -8.966429E-03  6.291622E-04
  5.50000000E+03  2.50000000E+03  5.00000000E+01    1.716184E-04  4.392686E-04   -1.096624E-02  3.689754E-04
  5.50000000E+03  3.00000000E+03  5.00000000E+01   -2.192279E-04 -1.772971E-05   -1.147624E-02  1.864491E-04
  5.50000000E+03  3.50000000E+03  5.00000000E+01   -3.193551E-04 -2.185436E-04   -1.159057E-02  1.238961E-04
  5.50000000E+03  4.00000000E+03  5.00000000E+01   -9.230612E-04 -6.223200E-04   -1.036700E-02  3.310814E-04
  5.50000000E+03  4.50000000E+03  5.00000000E+01   -1.826667E-03 -8.032503E-04   -7.345519E-03  9.534186E-06
  5.50000000E+03  5.00000000E+03  5.00000000E+01   -2.203290E-03 -9.781163E-04   -4.115492E-03 -3.302383E-04
  5.50000000E+03  5.50000000E+03  5.00000000E+01   -1.477359E-03 -4.791436E-04   -1.477359E-03 -4.791436E-04
  5.50000000E+03  6.00000000E+03  5.00000000E+01   -1.215131E-03 -3.772008E-04   -3.861281E-04 -4.768249E-04
  6.00000000E+03  0.00000000E+00  5.00000000E+01    5.149274E-04 -3.865751E-04   -6.580896E-04  1.810419E-04
  6.00000000E+03  5.00000000E+02  5.00000000E+01    5.207795E-05  7.474942E-05   -6.826999E-04 -1.238405E-04
  6.00000000E+03  1.00000000E+03  5.00000000E+01    1.414970E-04 -9.422333E-05   -1.123538E-03 -8.690741E-05
  6.00000000E+03  1.50000000E+03  5.00000000E+01    1.338048E-04 -2.279909E-04   -2.195724E-03 -2.668552E-04
  6.00000000E+03  2.00000000E+03  5.00000000E+01   -2.514351E-04 -1.771547E-05   -3.217680E-03 -8.598937E-04
  6.00000000E+03  2.50000000E+03  5.00000000E+01   -1.478131E-05 -3.149076E-05   -3.897710E-03 -1.348685E-03
  6.00000000E+03  3.00000000E+03  5.00000000E+01   -2.433042E-04 -1.572427E-04   -4.034333E-03 -1.564805E-03
  6.00000000E+03  3.50000000E+03  5.00000000E+01   -6.089736E-05 -1.516494E-04   -3.869370E-03 -1.484905E-03
  6.00000000E+03  4.00000000E+03  5.00000000E+01    2.168559E-04 -4.331767E-04   -3.485848E-03 -1.177408E-03
  6.00000000E+03  4.50000000E+03  5.00000000E+01   -4.079374E-04 -3.168738E-04   -2.673905E-03 -7.457652E-04
  6.00000000E+03  5.00000000E+03  5.00000000E+01   -5.871090E-04 -5.019355E-04   -1.506604E-03 -5.385137E-04
  6.00000000E+03  5.50000000E+03  5.00000000E+01   -3.861281E-04 -4.768249E-04   -1.215131E-03 -3.772008E-04
  6.00000000E+03  6.00000000E+03  5.00000000E+01   -3.374537E-04 -2.353653E-04   -3.374537E-04 -2.353653E-04
 
