  0.00000000E+00  0.00000000E+00  5.00000000E+01    4.373636E-04 -8.872681E-03    4.373636E-04 -8.872681E-03
  0.00000000E+00  5.00000000E+02  5.00000000E+01   -2.986771E-04 -1.113515E-02   -5.075965E-04 -1.183815E-02
  0.00000000E+00  1.00000000E+03  5.00000000E+01   -1.539858E-03 -1.343389E-02   -2.161399E-03 -1.535573E-02
  0.00000000E+00  1.50000000E+03  5.00000000E+01   -3.257665E-03 -1.544987E-02   -4.706286E-03 -1.918602E-02
  0.00000000E+00  2.00000000E+03  5.00000000E+01   -5.230592E-03 -1.657082E-02   -8.484536E-03 -2.294289E-02
  0.00000000E+00  2.50000000E+03  5.00000000E+01   -6.763500E-03 -1.612818E-02   -1.358896E-02 -2.608432E-02
  0.00000000E+00  3.00000000E+03  5.00000000E+01   -6.516523E-03 -1.326490E-02   -1.976895E-02 -2.783790E-02
  0.00000000E+00  3.50000000E+03  5.00000000E+01   -3.597893E-03 -8.061718E-03   -2.538093E-02 -2.778266E-02
  0.00000000E+00  4.00000000E+03  5.00000000E+01    1.592762E-03 -1.284316E-03   -2.742338E-02 -2.577270E-02
  0.00000000E+00  4.50000000E+03  5.00000000E+01    6.747366E-03  5.389168E-03   -2.472033E-02 -2.246372E-02
  0.00000000E+00  5.00000000E+03  5.00000000E+01    9.526327E-03  1.038100E-02   -1.874150E-02 -1.847742E-02
  0.00000000E+00  5.50000000E+03  5.00000000E+01    9.510246E-03  1.308374E-02   -1.259954E-02 -1.449305E-02
  0.00000000E+00  6.00000000E+03  5.00000000E+01    7.596182E-03  1.347010E-02   -7.891668E-03 -1.097805E-02
  5.00000000E+02  0.00000000E+00  5.00000000E+01   -5.075965E-04 -1.183815E-02   -2.986771E-04 -1.113515E-02
  5.00000000E+02  5.00000000E+02  5.00000000E+01   -1.907308E-03 -1.516084E-02   -1.907308E-03 -1.516084E-02
  5.00000000E+02  1.00000000E+03  5.00000000E+01   -4.210928E-03 -1.877627E-02   -4.617840E-03 -2.006748E-02
  5.00000000E+02  1.50000000E+03  5.00000000E+01   -7.524091E-03 -2.227300E-02   -8.708235E-03 -2.553587E-02
  5.00000000E+02  2.00000000E+03  5.00000000E+01   -1.176409E-02 -2.476784E-02   -1.482817E-02 -3.098645E-02
  5.00000000E+02  2.50000000E+03  5.00000000E+01   -1.579975E-02 -2.500759E-02   -2.355746E-02 -3.548585E-02
  5.00000000E+02  3.00000000E+03  5.00000000E+01   -1.647430E-02 -2.117365E-02   -3.548026E-02 -3.756940E-02
  5.00000000E+02  3.50000000E+03  5.00000000E+01   -1.042082E-02 -1.303533E-02   -4.787776E-02 -3.641455E-02
  5.00000000E+02  4.00000000E+03  5.00000000E+01    1.909209E-03 -1.955692E-03   -5.258543E-02 -3.241726E-02
  5.00000000E+02  4.50000000E+03  5.00000000E+01    1.418477E-02  8.817058E-03   -4.539261E-02 -2.726329E-02
  5.00000000E+02  5.00000000E+03  5.00000000E+01    2.002650E-02  1.640351E-02   -3.143373E-02 -2.186040E-02
  5.00000000E+02  5.50000000E+03  5.00000000E+01    1.893704E-02  1.995696E-02   -1.920215E-02 -1.669947E-02
  5.00000000E+02  6.00000000E+03  5.00000000E+01    1.428099E-02  1.978362E-02   -1.121717E-02 -1.231256E-02
  1.00000000E+03  0.00000000E+00  5.00000000E+01   -2.161399E-03 -1.535573E-02   -1.539858E-03 -1.343389E-02
  1.00000000E+03  5.00000000E+02  5.00000000E+01   -4.617840E-03 -2.006748E-02   -4.210928E-03 -1.877627E-02
  1.00000000E+03  1.00000000E+03  5.00000000E+01   -8.605555E-03 -2.553839E-02   -8.605555E-03 -2.553839E-02
  1.00000000E+03  1.50000000E+03  5.00000000E+01   -1.459899E-02 -3.133420E-02   -1.504650E-02 -3.331824E-02
  1.00000000E+03  2.00000000E+03  5.00000000E+01   -2.332641E-02 -3.634416E-02   -2.438443E-02 -4.124937E-02
  1.00000000E+03  2.50000000E+03  5.00000000E+01   -3.386911E-02 -3.835752E-02   -3.792360E-02 -4.767089E-02
  1.00000000E+03  3.00000000E+03  5.00000000E+01   -3.987891E-02 -3.347451E-02   -5.910346E-02 -4.942006E-02
  1.00000000E+03  3.50000000E+03  5.00000000E+01   -2.796149E-02 -2.074261E-02   -8.653930E-02 -4.400500E-02
  1.00000000E+03  4.00000000E+03  5.00000000E+01    2.227256E-03 -2.672907E-03   -9.839657E-02 -3.530059E-02
  1.00000000E+03  4.50000000E+03  5.00000000E+01    3.225701E-02  1.442879E-02   -7.974480E-02 -2.828687E-02
  1.00000000E+03  5.00000000E+03  5.00000000E+01    4.375312E-02  2.558119E-02   -4.785914E-02 -2.301263E-02
  1.00000000E+03  5.50000000E+03  5.00000000E+01    3.706340E-02  2.999338E-02   -2.580957E-02 -1.741310E-02
  1.00000000E+03  6.00000000E+03  5.00000000E+01    2.546367E-02  2.842469E-02   -1.404602E-02 -1.253307E-02
  1.50000000E+03  0.00000000E+00  5.00000000E+01   -4.706286E-03 -1.918602E-02   -3.257665E-03 -1.544987E-02
  1.50000000E+03  5.00000000E+02  5.00000000E+01   -8.708235E-03 -2.553587E-02   -7.524091E-03 -2.227300E-02
  1.50000000E+03  1.00000000E+03  5.00000000E+01   -1.504650E-02 -3.331824E-02   -1.459899E-02 -3.133420E-02
  1.50000000E+03  1.50000000E+03  5.00000000E+01   -2.474275E-02 -4.219958E-02   -2.474275E-02 -4.219958E-02
  1.50000000E+03  2.00000000E+03  5.00000000E+01   -4.038553E-02 -5.102539E-02   -3.826021E-02 -5.361832E-02
  1.50000000E+03  2.50000000E+03  5.00000000E+01   -6.360202E-02 -5.628406E-02   -5.572808E-02 -6.273877E-02
  1.50000000E+03  3.00000000E+03  5.00000000E+01   -8.661838E-02 -4.984799E-02   -8.154141E-02 -6.367255E-02
  1.50000000E+03  3.50000000E+03  5.00000000E+01   -6.493369E-02 -3.127885E-02   -1.183010E-01 -5.032350E-02
  1.50000000E+03  4.00000000E+03  5.00000000E+01    2.730129E-03 -2.857894E-03   -1.339152E-01 -3.511403E-02
  1.50000000E+03  4.50000000E+03  5.00000000E+01    6.990504E-02  2.294469E-02   -1.043233E-01 -2.567387E-02
  1.50000000E+03  5.00000000E+03  5.00000000E+01    9.042256E-02  3.730098E-02   -5.594026E-02 -2.145527E-02
  1.50000000E+03  5.50000000E+03  5.00000000E+01    6.620869E-02  4.305782E-02   -2.811065E-02 -1.601615E-02
  1.50000000E+03  6.00000000E+03  5.00000000E+01    4.107702E-02  3.901992E-02   -1.488077E-02 -1.125211E-02
  2.00000000E+03  0.00000000E+00  5.00000000E+01   -8.484536E-03 -2.294289E-02   -5.230592E-03 -1.657082E-02
  2.00000000E+03  5.00000000E+02  5.00000000E+01   -1.482817E-02 -3.098645E-02   -1.176409E-02 -2.476784E-02
  2.00000000E+03  1.00000000E+03  5.00000000E+01   -2.438443E-02 -4.124937E-02   -2.332641E-02 -3.634416E-02
  2.00000000E+03  1.50000000E+03  5.00000000E+01   -3.826021E-02 -5.361832E-02   -4.038553E-02 -5.102539E-02
  2.00000000E+03  2.00000000E+03  5.00000000E+01   -6.114046E-02 -6.711269E-02   -6.114046E-02 -6.711269E-02
  2.00000000E+03  2.50000000E+03  5.00000000E+01   -9.950936E-02 -7.686558E-02   -8.092933E-02 -7.979894E-02
  2.00000000E+03  3.00000000E+03  5.00000000E+01   -1.467620E-01 -6.902065E-02   -9.289612E-02 -8.056926E-02
  2.00000000E+03  3.50000000E+03  5.00000000E+01   -1.094552E-01 -4.582180E-02   -8.360679E-02 -6.408179E-02
  2.00000000E+03  4.00000000E+03  5.00000000E+01    3.620621E-03 -2.408894E-03   -7.040321E-02 -4.284308E-02
  2.00000000E+03  4.50000000E+03  5.00000000E+01    1.161213E-01  3.653193E-02   -5.772582E-02 -2.866370E-02
  2.00000000E+03  5.00000000E+03  5.00000000E+01    1.511154E-01  5.159002E-02   -3.943331E-02 -1.800473E-02
  2.00000000E+03  5.50000000E+03  5.00000000E+01    1.008937E-01  5.804059E-02   -2.268963E-02 -1.199182E-02
  2.00000000E+03  6.00000000E+03  5.00000000E+01    5.827894E-02  5.030873E-02   -1.274006E-02 -8.126894E-03
  2.50000000E+03  0.00000000E+00  5.00000000E+01   -1.358896E-02 -2.608432E-02   -6.763500E-03 -1.612818E-02
  2.50000000E+03  5.00000000E+02  5.00000000E+01   -2.355746E-02 -3.548585E-02   -1.579975E-02 -2.500759E-02
  2.50000000E+03  1.00000000E+03  5.00000000E+01   -3.792360E-02 -4.767089E-02   -3.386911E-02 -3.835752E-02
  2.50000000E+03  1.50000000E+03  5.00000000E+01   -5.572808E-02 -6.273877E-02   -6.360202E-02 -5.628406E-02
  2.50000000E+03  2.00000000E+03  5.00000000E+01   -8.092933E-02 -7.979894E-02   -9.950936E-02 -7.686558E-02
  2.50000000E+03  2.50000000E+03  5.00000000E+01   -1.255960E-01 -9.284112E-02   -1.255960E-01 -9.284112E-02
  2.50000000E+03  3.00000000E+03  5.00000000E+01   -1.818197E-01 -8.470758E-02   -1.237847E-01 -9.209638E-02
  2.50000000E+03  3.50000000E+03  5.00000000E+01   -1.297231E-01 -5.596738E-02   -7.618930E-02 -6.751576E-02
  2.50000000E+03  4.00000000E+03  5.00000000E+01    5.953992E-03 -1.860654E-03   -3.739858E-02 -3.630451E-02
  2.50000000E+03  4.50000000E+03  5.00000000E+01    1.412610E-01  4.714983E-02   -2.638551E-02 -1.988634E-02
  2.50000000E+03  5.00000000E+03  5.00000000E+01    1.906827E-01  6.587437E-02   -2.110846E-02 -1.025680E-02
  2.50000000E+03  5.50000000E+03  5.00000000E+01    1.272221E-01  7.134827E-02   -1.411917E-02 -5.631973E-03
  2.50000000E+03  6.00000000E+03  5.00000000E+01    7.182331E-02  5.982134E-02   -8.754990E-03 -3.474816E-03
  3.00000000E+03  0.00000000E+00  5.00000000E+01   -1.976895E-02 -2.783790E-02   -6.516523E-03 -1.326490E-02
  3.00000000E+03  5.00000000E+02  5.00000000E+01   -3.548026E-02 -3.756940E-02   -1.647430E-02 -2.117365E-02
  3.00000000E+03  1.00000000E+03  5.00000000E+01   -5.910346E-02 -4.942006E-02   -3.987891E-02 -3.347451E-02
  3.00000000E+03  1.50000000E+03  5.00000000E+01   -8.154141E-02 -6.367255E-02   -8.661838E-02 -4.984799E-02
  3.00000000E+03  2.00000000E+03  5.00000000E+01   -9.289612E-02 -8.056926E-02   -1.467620E-01 -6.902065E-02
  3.00000000E+03  2.50000000E+03  5.00000000E+01   -1.237847E-01 -9.209638E-02   -1.818197E-01 -8.470758E-02
  3.00000000E+03  3.00000000E+03  5.00000000E+01   -1.725920E-01 -8.442327E-02   -1.725920E-01 -8.442327E-02
  3.00000000E+03  3.50000000E+03  5.00000000E+01   -1.202012E-01 -5.476350E-02   -9.382103E-02 -6.379500E-02
  3.00000000E+03  4.00000000E+03  5.00000000E+01    1.308751E-02  1.370577E-03   -2.957097E-02 -2.984204E-02
  3.00000000E+03  4.50000000E+03  5.00000000E+01    1.511809E-01  5.286024E-02   -1.264868E-02 -1.032486E-02
  3.00000000E+03  5.00000000E+03  5.00000000E+01    2.051522E-01  7.350260E-02   -7.693155E-03 -5.240343E-04
  3.00000000E+03  5.50000000E+03  5.00000000E+01    1.379244E-01  7.821728E-02   -5.302976E-03  2.324382E-03
  3.00000000E+03  6.00000000E+03  5.00000000E+01    7.758868E-02  6.460480E-02   -3.896260E-03  2.280710E-03
  3.50000000E+03  0.00000000E+00  5.00000000E+01   -2.538093E-02 -2.778266E-02   -3.597893E-03 -8.061718E-03
  3.50000000E+03  5.00000000E+02  5.00000000E+01   -4.787776E-02 -3.641455E-02   -1.042082E-02 -1.303533E-02
  3.50000000E+03  1.00000000E+03  5.00000000E+01   -8.653930E-02 -4.400500E-02   -2.796149E-02 -2.074261E-02
  3.50000000E+03  1.50000000E+03  5.00000000E+01   -1.183010E-01 -5.032350E-02   -6.493369E-02 -3.127885E-02
  3.50000000E+03  2.00000000E+03  5.00000000E+01   -8.360679E-02 -6.408179E-02   -1.094552E-01 -4.582180E-02
  3.50000000E+03  2.50000000E+03  5.00000000E+01   -7.618930E-02 -6.751576E-02   -1.297231E-01 -5.596738E-02
  3.50000000E+03  3.00000000E+03  5.00000000E+01   -9.382103E-02 -6.379500E-02   -1.202012E-01 -5.476350E-02
  3.50000000E+03  3.50000000E+03  5.00000000E+01   -6.025376E-02 -3.841993E-02   -6.025376E-02 -3.841993E-02
  3.50000000E+03  4.00000000E+03  5.00000000E+01    2.823519E-02  1.021013E-02   -1.033406E-02 -1.271477E-02
  3.50000000E+03  4.50000000E+03  5.00000000E+01    1.520066E-01  5.522421E-02    3.308195E-03  3.387103E-03
  3.50000000E+03  5.00000000E+03  5.00000000E+01    2.006744E-01  7.333155E-02    6.635893E-03  1.106689E-02
  3.50000000E+03  5.50000000E+03  5.00000000E+01    1.336735E-01  7.724700E-02    4.247027E-03  1.114072E-02
  3.50000000E+03  6.00000000E+03  5.00000000E+01    7.504359E-02  6.373116E-02    1.467199E-03  8.466794E-03
  4.00000000E+03  0.00000000E+00  5.00000000E+01   -2.742338E-02 -2.577270E-02    1.592762E-03 -1.284316E-03
  4.00000000E+03  5.00000000E+02  5.00000000E+01   -5.258543E-02 -3.241726E-02    1.909209E-03 -1.955692E-03
  4.00000000E+03  1.00000000E+03  5.00000000E+01   -9.839657E-02 -3.530059E-02    2.227256E-03 -2.672907E-03
  4.00000000E+03  1.50000000E+03  5.00000000E+01   -1.339152E-01 -3.511403E-02    2.730129E-03 -2.857894E-03
  4.00000000E+03  2.00000000E+03  5.00000000E+01   -7.040321E-02 -4.284308E-02    3.620621E-03 -2.408894E-03
  4.00000000E+03  2.50000000E+03  5.00000000E+01   -3.739858E-02 -3.630451E-02    5.953992E-03 -1.860654E-03
  4.00000000E+03  3.00000000E+03  5.00000000E+01   -2.957097E-02 -2.984204E-02    1.308751E-02  1.370577E-03
  4.00000000E+03  3.50000000E+03  5.00000000E+01   -1.033406E-02 -1.271477E-02    2.823519E-02  1.021013E-02
  4.00000000E+03  4.00000000E+03  5.00000000E+01    3.769362E-02  1.971617E-02    3.769362E-02  1.971617E-02
  4.00000000E+03  4.50000000E+03  5.00000000E+01    1.379444E-01  5.241179E-02    3.598439E-02  2.467321E-02
  4.00000000E+03  5.00000000E+03  5.00000000E+01    1.728826E-01  6.518685E-02    2.794803E-02  2.471874E-02
  4.00000000E+03  5.50000000E+03  5.00000000E+01    1.132825E-01  6.852487E-02    1.550109E-02  2.005202E-02
  4.00000000E+03  6.00000000E+03  5.00000000E+01    6.403595E-02  5.723798E-02    7.095408E-03  1.434179E-02
  4.50000000E+03  0.00000000E+00  5.00000000E+01   -2.472033E-02 -2.246372E-02    6.747366E-03  5.389168E-03
  4.50000000E+03  5.00000000E+02  5.00000000E+01   -4.539261E-02 -2.726329E-02    1.418477E-02  8.817058E-03
  4.50000000E+03  1.00000000E+03  5.00000000E+01   -7.974480E-02 -2.828687E-02    3.225701E-02  1.442879E-02
  4.50000000E+03  1.50000000E+03  5.00000000E+01   -1.043233E-01 -2.567387E-02    6.990504E-02  2.294469E-02
  4.50000000E+03  2.00000000E+03  5.00000000E+01   -5.772582E-02 -2.866370E-02    1.161213E-01  3.653193E-02
  4.50000000E+03  2.50000000E+03  5.00000000E+01   -2.638551E-02 -1.988634E-02    1.412610E-01  4.714983E-02
  4.50000000E+03  3.00000000E+03  5.00000000E+01   -1.264868E-02 -1.032486E-02    1.511809E-01  5.286024E-02
  4.50000000E+03  3.50000000E+03  5.00000000E+01    3.308195E-03  3.387103E-03    1.520066E-01  5.522421E-02
  4.50000000E+03  4.00000000E+03  5.00000000E+01    3.598439E-02  2.467321E-02    1.379444E-01  5.241179E-02
  4.50000000E+03  4.50000000E+03  5.00000000E+01    1.016917E-01  4.475846E-02    1.016917E-01  4.475846E-02
  4.50000000E+03  5.00000000E+03  5.00000000E+01    1.197135E-01  5.371478E-02    5.565741E-02  3.661897E-02
  4.50000000E+03  5.50000000E+03  5.00000000E+01    8.092753E-02  5.576779E-02    2.622571E-02  2.734534E-02
  4.50000000E+03  6.00000000E+03  5.00000000E+01    4.768496E-02  4.753189E-02    1.181075E-02  1.898889E-02
  5.00000000E+03  0.00000000E+00  5.00000000E+01   -1.874150E-02 -1.847742E-02    9.526327E-03  1.038100E-02
  5.00000000E+03  5.00000000E+02  5.00000000E+01   -3.143373E-02 -2.186040E-02    2.002650E-02  1.640351E-02
  5.00000000E+03  1.00000000E+03  5.00000000E+01   -4.785914E-02 -2.301263E-02    4.375312E-02  2.558119E-02
  5.00000000E+03  1.50000000E+03  5.00000000E+01   -5.594026E-02 -2.145527E-02    9.042256E-02  3.730098E-02
  5.00000000E+03  2.00000000E+03  5.00000000E+01   -3.943331E-02 -1.800473E-02    1.511154E-01  5.159002E-02
  5.00000000E+03  2.50000000E+03  5.00000000E+01   -2.110846E-02 -1.025680E-02    1.906827E-01  6.587437E-02
  5.00000000E+03  3.00000000E+03  5.00000000E+01   -7.693155E-03 -5.240343E-04    2.051522E-01  7.350260E-02
  5.00000000E+03  3.50000000E+03  5.00000000E+01    6.635893E-03  1.106689E-02    2.006744E-01  7.333155E-02
  5.00000000E+03  4.00000000E+03  5.00000000E+01    2.794803E-02  2.471874E-02    1.728826E-01  6.518685E-02
  5.00000000E+03  4.50000000E+03  5.00000000E+01    5.565741E-02  3.661897E-02    1.197135E-01  5.371478E-02
  5.00000000E+03  5.00000000E+03  5.00000000E+01    6.311125E-02  4.265627E-02    6.311125E-02  4.265627E-02
  5.00000000E+03  5.50000000E+03  5.00000000E+01    4.797637E-02  4.250720E-02    2.957841E-02  3.096666E-02
  5.00000000E+03  6.00000000E+03  5.00000000E+01    3.073359E-02  3.695730E-02    1.355980E-02  2.139940E-02
  5.50000000E+03  0.00000000E+00  5.00000000E+01   -1.259954E-02 -1.449305E-02    9.510246E-03  1.308374E-02
  5.50000000E+03  5.00000000E+02  5.00000000E+01   -1.920215E-02 -1.669947E-02    1.893704E-02  1.995696E-02
  5.50000000E+03  1.00000000E+03  5.00000000E+01   -2.580957E-02 -1.741310E-02    3.706340E-02  2.999338E-02
  5.50000000E+03  1.50000000E+03  5.00000000E+01   -2.811065E-02 -1.601615E-02    6.620869E-02  4.305782E-02
  5.50000000E+03  2.00000000E+03  5.00000000E+01   -2.268963E-02 -1.199182E-02    1.008937E-01  5.804059E-02
  5.50000000E+03  2.50000000E+03  5.00000000E+01   -1.411917E-02 -5.631973E-03    1.272221E-01  7.134827E-02
  5.50000000E+03  3.00000000E+03  5.00000000E+01   -5.302976E-03  2.324382E-03    1.379244E-01  7.821728E-02
  5.50000000E+03  3.50000000E+03  5.00000000E+01    4.247027E-03  1.114072E-02    1.336735E-01  7.724700E-02
  5.50000000E+03  4.00000000E+03  5.00000000E+01    1.550109E-02  2.005202E-02    1.132825E-01  6.852487E-02
  5.50000000E+03  4.50000000E+03  5.00000000E+01    2.622571E-02  2.734534E-02    8.092753E-02  5.576779E-02
  5.50000000E+03  5.00000000E+03  5.00000000E+01    2.957841E-02  3.096666E-02    4.797637E-02  4.250720E-02
  5.50000000E+03  5.50000000E+03  5.00000000E+01    2.496008E-02  3.070852E-02    2.496008E-02  3.070852E-02
  5.50000000E+03  6.00000000E+03  5.00000000E+01    1.744830E-02  2.734571E-02    1.216091E-02  2.149389E-02
  6.00000000E+03  0.00000000E+00  5.00000000E+01   -7.891668E-03 -1.097805E-02    7.596182E-03  1.347010E-02
  6.00000000E+03  5.00000000E+02  5.00000000E+01   -1.121717E-02 -1.231256E-02    1.428099E-02  1.978362E-02
  6.00000000E+03  1.00000000E+03  5.00000000E+01   -1.404602E-02 -1.253307E-02    2.546367E-02  2.842469E-02
  6.00000000E+03  1.50000000E+03  5.00000000E+01   -1.488077E-02 -1.125211E-02    4.107702E-02  3.901992E-02
  6.00000000E+03  2.00000000E+03  5.00000000E+01   -1.274006E-02 -8.126894E-03    5.827894E-02  5.030873E-02
  6.00000000E+03  2.50000000E+03  5.00000000E+01   -8.754990E-03 -3.474816E-03    7.182331E-02  5.982134E-02
  6.00000000E+03  3.00000000E+03  5.00000000E+01   -3.896260E-03  2.280710E-03    7.758868E-02  6.460480E-02
  6.00000000E+03  3.50000000E+03  5.00000000E+01    1.467199E-03  8.466794E-03    7.504359E-02  6.373116E-02
  6.00000000E+03  4.00000000E+03  5.00000000E+01    7.095408E-03  1.434179E-02    6.403595E-02  5.723798E-02
  6.00000000E+03  4.50000000E+03  5.00000000E+01    1.181075E-02  1.898889E-02    4.768496E-02  4.753189E-02
  6.00000000E+03  5.00000000E+03  5.00000000E+01    1.355980E-02  2.139940E-02    3.073359E-02  3.695730E-02
  6.00000000E+03  5.50000000E+03  5.00000000E+01    1.216091E-02  2.149389E-02    1.744830E-02  2.734571E-02
  6.00000000E+03  6.00000000E+03  5.00000000E+01    8.999820E-03  1.960704E-02    8.999820E-03  1.960704E-02
 
  0.00000000E+00  0.00000000E+00  5.00000000E+01    4.006796E-04 -3.437820E-04    4.006796E-04 -3.437820E-04
  0.00000000E+00  5.00000000E+02  5.00000000E+01    8.009257E-04 -3.590153E-04    6.802224E-04 -4.312377E-04
  0.00000000E+00  1.00000000E+03  5.00000000E+01    1.212123E-03 -4.196564E-04    1.154329E-03 -6.074986E-04
  0.00000000E+00  1.50000000E+03  5.00000000E+01    1.693924E-03 -6.611571E-04    1.856277E-03 -1.006414E-03
  0.00000000E+00  2.00000000E+03  5.00000000E+01    2.160864E-03 -1.176581E-03    2.807761E-03 -1.943651E-03
  0.00000000E+00  2.50000000E+03  5.00000000E+01    2.379035E-03 -1.826460E-03    3.849381E-03 -3.759847E-03
  0.00000000E+00  3.00000000E+03  5.00000000E+01    2.055669E-03 -2.090358E-03    4.609973E-03 -6.691994E-03
  0.00000000E+00  3.50000000E+03  5.00000000E+01    1.193560E-03 -1.411709E-03    4.829629E-03 -9.871018E-03
  0.00000000E+00  4.00000000E+03  5.00000000E+01   -3.942359E-05  1.794379E-04    4.666392E-03 -1.129152E-02
  0.00000000E+00  4.50000000E+03  5.00000000E+01   -1.270868E-03  1.773484E-03    4.399606E-03 -9.946414E-03
  0.00000000E+00  5.00000000E+03  5.00000000E+01   -2.111800E-03  2.457137E-03    3.864456E-03 -6.790890E-03
  0.00000000E+00  5.50000000E+03  5.00000000E+01   -2.356894E-03  2.187204E-03    2.959697E-03 -3.830449E-03
  0.00000000E+00  6.00000000E+03  5.00000000E+01   -1.927466E-03  1.477404E-03    1.953729E-03 -1.957376E-03
  5.00000000E+02  0.00000000E+00  5.00000000E+01    6.802224E-04 -4.312377E-04    8.009257E-04 -3.590153E-04
  5.00000000E+02  5.00000000E+02  5.00000000E+01    1.290755E-03 -5.056261E-04    1.290755E-03 -5.056261E-04
  5.00000000E+02  1.00000000E+03  5.00000000E+01    2.020963E-03 -7.553334E-04    2.078195E-03 -8.444340E-04
  5.00000000E+02  1.50000000E+03  5.00000000E+01    2.925303E-03 -1.463574E-03    3.198874E-03 -1.609312E-03
  5.00000000E+02  2.00000000E+03  5.00000000E+01    3.786862E-03 -2.969854E-03    4.593058E-03 -3.430704E-03
  5.00000000E+02  2.50000000E+03  5.00000000E+01    4.059998E-03 -5.076194E-03    5.770643E-03 -7.200655E-03
  5.00000000E+02  3.00000000E+03  5.00000000E+01    3.206956E-03 -6.325069E-03    5.488299E-03 -1.407419E-02
  5.00000000E+02  3.50000000E+03  5.00000000E+01    1.712927E-03 -4.564936E-03    3.236609E-03 -2.250063E-02
  5.00000000E+02  4.00000000E+03  5.00000000E+01   -2.393943E-05  2.852357E-04    1.447929E-03 -2.651578E-02
  5.00000000E+02  4.50000000E+03  5.00000000E+01   -1.759134E-03  5.151605E-03    2.156692E-03 -2.251306E-02
  5.00000000E+02  5.00000000E+03  5.00000000E+01   -3.225190E-03  6.923392E-03    3.668918E-03 -1.401640E-02
  5.00000000E+02  5.50000000E+03  5.00000000E+01   -3.975994E-03  5.627591E-03    3.691481E-03 -7.047114E-03
  5.00000000E+02  6.00000000E+03  5.00000000E+01   -3.441511E-03  3.388156E-03    2.664243E-03 -3.218715E-03
  1.00000000E+03  0.00000000E+00  5.00000000E+01    1.154329E-03 -6.074986E-04    1.212123E-03 -4.196564E-04
  1.00000000E+03  5.00000000E+02  5.00000000E+01    2.078195E-03 -8.444340E-04    2.020963E-03 -7.553334E-04
  1.00000000E+03  1.00000000E+03  5.00000000E+01    3.286041E-03 -1.489430E-03    3.286041E-03 -1.489430E-03
  1.00000000E+03  1.50000000E+03  5.00000000E+01    4.802797E-03 -3.129869E-03    5.008444E-03 -2.926605E-03
  1.00000000E+03  2.00000000E+03  5.00000000E+01    6.070665E-03 -6.843708E-03    6.939567E-03 -5.969331E-03
  1.00000000E+03  2.50000000E+03  5.00000000E+01    5.578490E-03 -1.291746E-02    7.833319E-03 -1.231373E-02
  1.00000000E+03  3.00000000E+03  5.00000000E+01    1.852010E-03 -1.815076E-02    3.275804E-03 -2.559079E-02
  1.00000000E+03  3.50000000E+03  5.00000000E+01   -4.849735E-04 -1.397854E-02   -1.088500E-02 -4.511050E-02
  1.00000000E+03  4.00000000E+03  5.00000000E+01    2.162408E-05  4.620674E-04   -2.030990E-02 -5.528089E-02
  1.00000000E+03  4.50000000E+03  5.00000000E+01    5.609978E-04  1.497562E-02   -1.348756E-02 -4.441666E-02
  1.00000000E+03  5.00000000E+03  5.00000000E+01   -1.702441E-03  1.920679E-02   -9.912117E-04 -2.423530E-02
  1.00000000E+03  5.50000000E+03  5.00000000E+01   -5.295048E-03  1.379771E-02    3.226788E-03 -1.067465E-02
  1.00000000E+03  6.00000000E+03  5.00000000E+01   -5.463150E-03  7.366727E-03    2.878009E-03 -4.429014E-03
  1.50000000E+03  0.00000000E+00  5.00000000E+01    1.856277E-03 -1.006414E-03    1.693924E-03 -6.611571E-04
  1.50000000E+03  5.00000000E+02  5.00000000E+01    3.198874E-03 -1.609312E-03    2.925303E-03 -1.463574E-03
  1.50000000E+03  1.00000000E+03  5.00000000E+01    5.008444E-03 -2.926605E-03    4.802797E-03 -3.129869E-03
  1.50000000E+03  1.50000000E+03  5.00000000E+01    7.273640E-03 -5.937413E-03    7.273640E-03 -5.937413E-03
  1.50000000E+03  2.00000000E+03  5.00000000E+01    8.795322E-03 -1.315043E-02    9.966461E-03 -1.053316E-02
  1.50000000E+03  2.50000000E+03  5.00000000E+01    5.534023E-03 -2.695339E-02    1.105564E-02 -1.852446E-02
  1.50000000E+03  3.00000000E+03  5.00000000E+01   -9.819567E-03 -4.332180E-02    2.144680E-03 -3.496378E-02
  1.50000000E+03  3.50000000E+03  5.00000000E+01   -1.384923E-02 -3.456115E-02   -3.250942E-02 -6.006562E-02
  1.50000000E+03  4.00000000E+03  5.00000000E+01    1.074485E-04  8.338163E-04   -5.438333E-02 -7.245720E-02
  1.50000000E+03  4.50000000E+03  5.00000000E+01    1.425014E-02  3.636092E-02   -3.734750E-02 -5.665305E-02
  1.50000000E+03  5.00000000E+03  5.00000000E+01    1.047382E-02  4.524919E-02   -6.195468E-03 -2.882557E-02
  1.50000000E+03  5.50000000E+03  5.00000000E+01   -4.761737E-03  2.832041E-02    2.423965E-03 -1.186312E-02
  1.50000000E+03  6.00000000E+03  5.00000000E+01   -7.647738E-03  1.357499E-02    2.681605E-03 -4.750924E-03
  2.00000000E+03  0.00000000E+00  5.00000000E+01    2.807761E-03 -1.943651E-03    2.160864E-03 -1.176581E-03
  2.00000000E+03  5.00000000E+02  5.00000000E+01    4.593058E-03 -3.430704E-03    3.786862E-03 -2.969854E-03
  2.00000000E+03  1.00000000E+03  5.00000000E+01    6.939567E-03 -5.969331E-03    6.070665E-03 -6.843708E-03
  2.00000000E+03  1.50000000E+03  5.00000000E+01    9.966461E-03 -1.053316E-02    8.795322E-03 -1.315043E-02
  2.00000000E+03  2.00000000E+03  5.00000000E+01    1.191383E-02 -2.117925E-02    1.191383E-02 -2.117925E-02
  2.00000000E+03  2.50000000E+03  5.00000000E+01    5.266056E-03 -4.405987E-02    1.436319E-02 -2.970464E-02
  2.00000000E+03  3.00000000E+03  5.00000000E+01   -2.838610E-02 -7.617339E-02    1.094992E-02 -3.846813E-02
  2.00000000E+03  3.50000000E+03  5.00000000E+01   -3.455826E-02 -5.877477E-02   -3.415598E-03 -4.024335E-02
  2.00000000E+03  4.00000000E+03  5.00000000E+01    3.732999E-04  1.581087E-03   -1.324715E-02 -3.723851E-02
  2.00000000E+03  4.50000000E+03  5.00000000E+01    3.565814E-02  6.213019E-02   -9.577003E-03 -2.994786E-02
  2.00000000E+03  5.00000000E+03  5.00000000E+01    2.998307E-02  7.970629E-02   -8.221144E-04 -1.869265E-02
  2.00000000E+03  5.50000000E+03  5.00000000E+01   -3.604258E-03  4.595599E-02    2.414351E-03 -8.743295E-03
  2.00000000E+03  6.00000000E+03  5.00000000E+01   -9.938591E-03  2.060385E-02    2.192818E-03 -3.736215E-03
  2.50000000E+03  0.00000000E+00  5.00000000E+01    3.849381E-03 -3.759847E-03    2.379035E-03 -1.826460E-03
  2.50000000E+03  5.00000000E+02  5.00000000E+01    5.770643E-03 -7.200655E-03    4.059998E-03 -5.076194E-03
  2.50000000E+03  1.00000000E+03  5.00000000E+01    7.833319E-03 -1.231373E-02    5.578490E-03 -1.291746E-02
  2.50000000E+03  1.50000000E+03  5.00000000E+01    1.105564E-02 -1.852446E-02    5.534023E-03 -2.695339E-02
  2.50000000E+03  2.00000000E+03  5.00000000E+01    1.436319E-02 -2.970464E-02    5.266056E-03 -4.405987E-02
  2.50000000E+03  2.50000000E+03  5.00000000E+01    7.167212E-03 -5.633769E-02    7.167212E-03 -5.633769E-02
  2.50000000E+03  3.00000000E+03  5.00000000E+01   -3.341027E-02 -9.575182E-02    7.308868E-03 -5.735684E-02
  2.50000000E+03  3.50000000E+03  5.00000000E+01   -4.075362E-02 -7.054802E-02    3.707504E-03 -3.679658E-02
  2.50000000E+03  4.00000000E+03  5.00000000E+01    1.025763E-03  3.190059E-03    3.611604E-04 -1.888027E-02
  2.50000000E+03  4.50000000E+03  5.00000000E+01    4.330607E-02  7.736044E-02    2.332454E-04 -1.228645E-02
  2.50000000E+03  5.00000000E+03  5.00000000E+01    3.623113E-02  1.025793E-01    1.452473E-03 -8.526216E-03
  2.50000000E+03  5.50000000E+03  5.00000000E+01   -4.709765E-03  5.883816E-02    1.778294E-03 -4.626986E-03
  2.50000000E+03  6.00000000E+03  5.00000000E+01   -1.216848E-02  2.594147E-02    1.366772E-03 -2.199240E-03
  3.00000000E+03  0.00000000E+00  5.00000000E+01    4.609973E-03 -6.691994E-03    2.055669E-03 -2.090358E-03
  3.00000000E+03  5.00000000E+02  5.00000000E+01    5.488299E-03 -1.407419E-02    3.206956E-03 -6.325069E-03
  3.00000000E+03  1.00000000E+03  5.00000000E+01    3.275804E-03 -2.559079E-02    1.852010E-03 -1.815076E-02
  3.00000000E+03  1.50000000E+03  5.00000000E+01    2.144680E-03 -3.496378E-02   -9.819567E-03 -4.332180E-02
  3.00000000E+03  2.00000000E+03  5.00000000E+01    1.094992E-02 -3.846813E-02   -2.838610E-02 -7.617339E-02
  3.00000000E+03  2.50000000E+03  5.00000000E+01    7.308868E-03 -5.735684E-02   -3.341027E-02 -9.575182E-02
  3.00000000E+03  3.00000000E+03  5.00000000E+01   -3.017172E-02 -9.167118E-02   -3.017172E-02 -9.167118E-02
  3.00000000E+03  3.50000000E+03  5.00000000E+01   -3.658044E-02 -6.530185E-02   -1.033333E-02 -4.897137E-02
  3.00000000E+03  4.00000000E+03  5.00000000E+01    2.804275E-03  7.497808E-03    2.966878E-04 -1.500345E-02
  3.00000000E+03  4.50000000E+03  5.00000000E+01    4.467567E-02  8.351297E-02    9.105461E-04 -5.281708E-03
  3.00000000E+03  5.00000000E+03  5.00000000E+01    3.637009E-02  1.107892E-01    4.492002E-04 -2.476239E-03
  3.00000000E+03  5.50000000E+03  5.00000000E+01   -5.963724E-03  6.385201E-02    3.018051E-04 -1.343816E-03
  3.00000000E+03  6.00000000E+03  5.00000000E+01   -1.333282E-02  2.816238E-02    2.532288E-04 -7.264965E-04
  3.50000000E+03  0.00000000E+00  5.00000000E+01    4.829629E-03 -9.871018E-03    1.193560E-03 -1.411709E-03
  3.50000000E+03  5.00000000E+02  5.00000000E+01    3.236609E-03 -2.250063E-02    1.712927E-03 -4.564936E-03
  3.50000000E+03  1.00000000E+03  5.00000000E+01   -1.088500E-02 -4.511050E-02   -4.849735E-04 -1.397854E-02
  3.50000000E+03  1.50000000E+03  5.00000000E+01   -3.250942E-02 -6.006562E-02   -1.384923E-02 -3.456115E-02
  3.50000000E+03  2.00000000E+03  5.00000000E+01   -3.415598E-03 -4.024335E-02   -3.455826E-02 -5.877477E-02
  3.50000000E+03  2.50000000E+03  5.00000000E+01    3.707504E-03 -3.679658E-02   -4.075362E-02 -7.054802E-02
  3.50000000E+03  3.00000000E+03  5.00000000E+01   -1.033333E-02 -4.897137E-02   -3.658044E-02 -6.530185E-02
  3.50000000E+03  3.50000000E+03  5.00000000E+01   -1.296490E-02 -3.224358E-02   -1.296490E-02 -3.224358E-02
  3.50000000E+03  4.00000000E+03  5.00000000E+01    6.514019E-03  1.609892E-02    1.444859E-04 -5.142425E-03
  3.50000000E+03  4.50000000E+03  5.00000000E+01    4.465260E-02  8.382755E-02    4.104375E-04  2.313340E-03
  3.50000000E+03  5.00000000E+03  5.00000000E+01    3.642800E-02  1.082862E-01   -1.242603E-03  3.303806E-03
  3.50000000E+03  5.50000000E+03  5.00000000E+01   -5.414375E-03  6.207258E-02   -1.432974E-03  1.832552E-03
  3.50000000E+03  6.00000000E+03  5.00000000E+01   -1.285599E-02  2.736881E-02   -9.606303E-04  7.422364E-04
  4.00000000E+03  0.00000000E+00  5.00000000E+01    4.666392E-03 -1.129152E-02   -3.942359E-05  1.794379E-04
  4.00000000E+03  5.00000000E+02  5.00000000E+01    1.447929E-03 -2.651578E-02   -2.393943E-05  2.852357E-04
  4.00000000E+03  1.00000000E+03  5.00000000E+01   -2.030990E-02 -5.528089E-02    2.162408E-05  4.620674E-04
  4.00000000E+03  1.50000000E+03  5.00000000E+01   -5.438333E-02 -7.245720E-02    1.074485E-04  8.338163E-04
  4.00000000E+03  2.00000000E+03  5.00000000E+01   -1.324715E-02 -3.723851E-02    3.732999E-04  1.581087E-03
  4.00000000E+03  2.50000000E+03  5.00000000E+01    3.611604E-04 -1.888027E-02    1.025763E-03  3.190059E-03
  4.00000000E+03  3.00000000E+03  5.00000000E+01    2.966878E-04 -1.500345E-02    2.804275E-03  7.497808E-03
  4.00000000E+03  3.50000000E+03  5.00000000E+01    1.444859E-04 -5.142425E-03    6.514019E-03  1.609892E-02
  4.00000000E+03  4.00000000E+03  5.00000000E+01    7.521333E-03  2.108457E-02    7.521333E-03  2.108457E-02
  4.00000000E+03  4.50000000E+03  5.00000000E+01    4.050629E-02  7.489134E-02    3.555150E-03  1.894987E-02
  4.00000000E+03  5.00000000E+03  5.00000000E+01    3.361597E-02  9.222617E-02   -1.655061E-03  1.290795E-02
  4.00000000E+03  5.50000000E+03  5.00000000E+01   -3.957077E-03  5.247510E-02   -2.885333E-03  6.019843E-03
  4.00000000E+03  6.00000000E+03  5.00000000E+01   -1.095938E-02  2.329617E-02   -2.093084E-03  2.411018E-03
  4.50000000E+03  0.00000000E+00  5.00000000E+01    4.399606E-03 -9.946414E-03   -1.270868E-03  1.773484E-03
  4.50000000E+03  5.00000000E+02  5.00000000E+01    2.156692E-03 -2.251306E-02   -1.759134E-03  5.151605E-03
  4.50000000E+03  1.00000000E+03  5.00000000E+01   -1.348756E-02 -4.441666E-02    5.609978E-04  1.497562E-02
  4.50000000E+03  1.50000000E+03  5.00000000E+01   -3.734750E-02 -5.665305E-02    1.425014E-02  3.636092E-02
  4.50000000E+03  2.00000000E+03  5.00000000E+01   -9.577003E-03 -2.994786E-02    3.565814E-02  6.213019E-02
  4.50000000E+03  2.50000000E+03  5.00000000E+01    2.332454E-04 -1.228645E-02    4.330607E-02  7.736044E-02
  4.50000000E+03  3.00000000E+03  5.00000000E+01    9.105461E-04 -5.281708E-03    4.467567E-02  8.351297E-02
  4.50000000E+03  3.50000000E+03  5.00000000E+01    4.104375E-04  2.313340E-03    4.465260E-02  8.382755E-02
  4.50000000E+03  4.00000000E+03  5.00000000E+01    3.555150E-03  1.894987E-02    4.050629E-02  7.489134E-02
  4.50000000E+03  4.50000000E+03  5.00000000E+01    2.372169E-02  5.321338E-02    2.372169E-02  5.321338E-02
  4.50000000E+03  5.00000000E+03  5.00000000E+01    1.887292E-02  6.131777E-02    1.908601E-03  2.669187E-02
  4.50000000E+03  5.50000000E+03  5.00000000E+01   -4.419155E-03  3.619290E-02   -3.603576E-03  1.051847E-02
  4.50000000E+03  6.00000000E+03  5.00000000E+01   -8.718068E-03  1.677325E-02   -2.953270E-03  3.940128E-03
  5.00000000E+03  0.00000000E+00  5.00000000E+01    3.864456E-03 -6.790890E-03   -2.111800E-03  2.457137E-03
  5.00000000E+03  5.00000000E+02  5.00000000E+01    3.668918E-03 -1.401640E-02   -3.225190E-03  6.923392E-03
  5.00000000E+03  1.00000000E+03  5.00000000E+01   -9.912117E-04 -2.423530E-02   -1.702441E-03  1.920679E-02
  5.00000000E+03  1.50000000E+03  5.00000000E+01   -6.195468E-03 -2.882557E-02    1.047382E-02  4.524919E-02
  5.00000000E+03  2.00000000E+03  5.00000000E+01   -8.221144E-04 -1.869265E-02    2.998307E-02  7.970629E-02
  5.00000000E+03  2.50000000E+03  5.00000000E+01    1.452473E-03 -8.526216E-03    3.623113E-02  1.025793E-01
  5.00000000E+03  3.00000000E+03  5.00000000E+01    4.492002E-04 -2.476239E-03    3.637009E-02  1.107892E-01
  5.00000000E+03  3.50000000E+03  5.00000000E+01   -1.242603E-03  3.303806E-03    3.642800E-02  1.082862E-01
  5.00000000E+03  4.00000000E+03  5.00000000E+01   -1.655061E-03  1.290795E-02    3.361597E-02  9.222617E-02
  5.00000000E+03  4.50000000E+03  5.00000000E+01    1.908601E-03  2.669187E-02    1.887292E-02  6.131777E-02
  5.00000000E+03  5.00000000E+03  5.00000000E+01    1.498367E-04  2.937937E-02    1.498367E-04  2.937937E-02
  5.00000000E+03  5.50000000E+03  5.00000000E+01   -5.883918E-03  1.946535E-02   -4.445320E-03  1.152220E-02
  5.00000000E+03  6.00000000E+03  5.00000000E+01   -6.584421E-03  9.912070E-03   -3.432532E-03  4.344788E-03
  5.50000000E+03  0.00000000E+00  5.00000000E+01    2.959697E-03 -3.830449E-03   -2.356894E-03  2.187204E-03
  5.50000000E+03  5.00000000E+02  5.00000000E+01    3.691481E-03 -7.047114E-03   -3.975994E-03  5.627591E-03
  5.50000000E+03  1.00000000E+03  5.00000000E+01    3.226788E-03 -1.067465E-02   -5.295048E-03  1.379771E-02
  5.50000000E+03  1.50000000E+03  5.00000000E+01    2.423965E-03 -1.186312E-02   -4.761737E-03  2.832041E-02
  5.50000000E+03  2.00000000E+03  5.00000000E+01    2.414351E-03 -8.743295E-03   -3.604258E-03  4.595599E-02
  5.50000000E+03  2.50000000E+03  5.00000000E+01    1.778294E-03 -4.626986E-03   -4.709765E-03  5.883816E-02
  5.50000000E+03  3.00000000E+03  5.00000000E+01    3.018051E-04 -1.343816E-03   -5.963724E-03  6.385201E-02
  5.50000000E+03  3.50000000E+03  5.00000000E+01   -1.432974E-03  1.832552E-03   -5.414375E-03  6.207258E-02
  5.50000000E+03  4.00000000E+03  5.00000000E+01   -2.885333E-03  6.019843E-03   -3.957077E-03  5.247510E-02
  5.50000000E+03  4.50000000E+03  5.00000000E+01   -3.603576E-03  1.051847E-02   -4.419155E-03  3.619290E-02
  5.50000000E+03  5.00000000E+03  5.00000000E+01   -4.445320E-03  1.152220E-02   -5.883918E-03  1.946535E-02
  5.50000000E+03  5.50000000E+03  5.00000000E+01   -5.193278E-03  8.589035E-03   -5.193278E-03  8.589035E-03
  5.50000000E+03  6.00000000E+03  5.00000000E+01   -4.485664E-03  4.908833E-03   -3.413207E-03  3.516580E-03
  6.00000000E+03  0.00000000E+00  5.00000000E+01    1.953729E-03 -1.957376E-03   -1.927466E-03  1.477404E-03
  6.00000000E+03  5.00000000E+02  5.00000000E+01    2.664243E-03 -3.218715E-03   -3.441511E-03  3.388156E-03
  6.00000000E+03  1.00000000E+03  5.00000000E+01    2.878009E-03 -4.429014E-03   -5.463150E-03  7.366727E-03
  6.00000000E+03  1.50000000E+03  5.00000000E+01    2.681605E-03 -4.750924E-03   -7.647738E-03  1.357499E-02
  6.00000000E+03  2.00000000E+03  5.00000000E+01    2.192818E-03 -3.736215E-03   -9.938591E-03  2.060385E-02
  6.00000000E+03  2.50000000E+03  5.00000000E+01    1.366772E-03 -2.199240E-03   -1.216848E-02  2.594147E-02
  6.00000000E+03  3.00000000E+03  5.00000000E+01    2.532288E-04 -7.264965E-04   -1.333282E-02  2.816238E-02
  6.00000000E+03  3.50000000E+03  5.00000000E+01   -9.606303E-04  7.422364E-04   -1.285599E-02  2.736881E-02
  6.00000000E+03  4.00000000E+03  5.00000000E+01   -2.093084E-03  2.411018E-03   -1.095938E-02  2.329617E-02
  6.00000000E+03  4.50000000E+03  5.00000000E+01   -2.953270E-03  3.940128E-03   -8.718068E-03  1.677325E-02
  6.00000000E+03  5.00000000E+03  5.00000000E+01   -3.432532E-03  4.344788E-03   -6.584421E-03  9.912070E-03
  6.00000000E+03  5.50000000E+03  5.00000000E+01   -3.413207E-03  3.516580E-03   -4.485664E-03  4.908833E-03
  6.00000000E+03  6.00000000E+03  5.00000000E+01   -2.718169E-03  2.239850E-03   -2.718169E-03  2.239850E-03
 
  0.00000000E+00  0.00000000E+00  5.00000000E+01    1.237487E-04 -2.278180E-04    1.237487E-04 -2.278180E-04
  0.00000000E+00  5.00000000E+02  5.00000000E+01    1.773787E-04 -1.278481E-05    1.518518E-04 -2.262944E-04
  0.00000000E+00  1.00000000E+03  5.00000000E+01    1.446606E-04  4.588273E-05    1.846037E-04 -2.115539E-04
  0.00000000E+00  1.50000000E+03  5.00000000E+01    1.351130E-04  6.756061E-05    2.275490E-04 -1.874691E-04
  0.00000000E+00  2.00000000E+03  5.00000000E+01    1.409547E-04  9.312294E-05    2.888895E-04 -1.388675E-04
  0.00000000E+00  2.50000000E+03  5.00000000E+01    1.566648E-04  1.303931E-04    3.946072E-04 -3.204271E-05
  0.00000000E+00  3.00000000E+03  5.00000000E+01    1.641306E-04  1.469379E-04    6.191679E-04  1.681262E-04
  0.00000000E+00  3.50000000E+03  5.00000000E+01    1.041172E-04  9.993256E-05    9.420945E-04  3.914150E-04
  0.00000000E+00  4.00000000E+03  5.00000000E+01   -3.628477E-05 -8.600455E-06    1.101131E-03  4.863717E-04
  0.00000000E+00  4.50000000E+03  5.00000000E+01   -1.789867E-04 -1.155817E-04    9.233384E-04  3.791466E-04
  0.00000000E+00  5.00000000E+03  5.00000000E+01   -2.530773E-04 -1.518310E-04    5.844404E-04  1.463966E-04
  0.00000000E+00  5.50000000E+03  5.00000000E+01   -2.781848E-04 -8.259580E-05    3.477619E-04 -5.821533E-05
  0.00000000E+00  6.00000000E+03  5.00000000E+01   -2.031461E-04  1.662874E-04    2.321751E-04 -1.567399E-04
  5.00000000E+02  0.00000000E+00  5.00000000E+01    1.518518E-04 -2.262944E-04    1.773787E-04 -1.278481E-05
  5.00000000E+02  5.00000000E+02  5.00000000E+01    2.115848E-04  1.547660E-06    2.115848E-04  1.547660E-06
  5.00000000E+02  1.00000000E+03  5.00000000E+01    1.897820E-04  7.195231E-05    2.576776E-04  2.646259E-05
  5.00000000E+02  1.50000000E+03  5.00000000E+01    1.983644E-04  1.183454E-04    3.220156E-04  6.976580E-05
  5.00000000E+02  2.00000000E+03  5.00000000E+01    2.582742E-04  2.143021E-04    4.413195E-04  1.784682E-04
  5.00000000E+02  2.50000000E+03  5.00000000E+01    4.375929E-04  3.677610E-04    7.757440E-04  4.393710E-04
  5.00000000E+02  3.00000000E+03  5.00000000E+01    6.881495E-04  4.178768E-04    1.812493E-03  8.340596E-04
  5.00000000E+02  3.50000000E+03  5.00000000E+01    5.590809E-04  2.742301E-04    3.569949E-03  1.024127E-03
  5.00000000E+02  4.00000000E+03  5.00000000E+01   -5.215654E-05 -1.163800E-05    4.514384E-03  1.036805E-03
  5.00000000E+02  4.50000000E+03  5.00000000E+01   -6.629255E-04 -2.957068E-04    3.535991E-03  1.000898E-03
  5.00000000E+02  5.00000000E+03  5.00000000E+01   -7.992281E-04 -4.268144E-04    1.750835E-03  7.919316E-04
  5.00000000E+02  5.50000000E+03  5.00000000E+01   -5.735560E-04 -3.195679E-04    6.947598E-04  3.861446E-04
  5.00000000E+02  6.00000000E+03  5.00000000E+01   -3.292972E-04  5.579164E-05    3.523819E-04  1.257669E-04
  1.00000000E+03  0.00000000E+00  5.00000000E+01    1.846037E-04 -2.115539E-04    1.446606E-04  4.588273E-05
  1.00000000E+03  5.00000000E+02  5.00000000E+01    2.576776E-04  2.646259E-05    1.897820E-04  7.195231E-05
  1.00000000E+03  1.00000000E+03  5.00000000E+01    2.554141E-04  1.170082E-04    2.554141E-04  1.170082E-04
  1.00000000E+03  1.50000000E+03  5.00000000E+01    3.062575E-04  2.229548E-04    3.527322E-04  1.984721E-04
  1.00000000E+03  2.00000000E+03  5.00000000E+01    5.862070E-04  4.959465E-04    5.859829E-04  3.912876E-04
  1.00000000E+03  2.50000000E+03  5.00000000E+01    1.592290E-03  8.062024E-04    1.466738E-03  7.368751E-04
  1.00000000E+03  3.00000000E+03  5.00000000E+01    3.289599E-03  1.826231E-04    4.798470E-03  1.595685E-04
  1.00000000E+03  3.50000000E+03  5.00000000E+01    2.870740E-03 -2.991773E-04    1.113608E-02 -3.990757E-03
  1.00000000E+03  4.00000000E+03  5.00000000E+01   -8.532748E-05 -1.249851E-05    1.483589E-02 -6.656573E-03
  1.00000000E+03  4.50000000E+03  5.00000000E+01   -3.034602E-03  2.738144E-04    1.107967E-02 -4.050760E-03
  1.00000000E+03  5.00000000E+03  5.00000000E+01   -3.443440E-03 -1.986732E-04    4.695806E-03  4.753791E-05
  1.00000000E+03  5.50000000E+03  5.00000000E+01   -1.749325E-03 -7.616757E-04    1.323057E-03  5.991726E-04
  1.00000000E+03  6.00000000E+03  5.00000000E+01   -6.598689E-04 -2.212533E-04    4.306020E-04  2.575833E-04
  1.50000000E+03  0.00000000E+00  5.00000000E+01    2.275490E-04 -1.874691E-04    1.351130E-04  6.756061E-05
  1.50000000E+03  5.00000000E+02  5.00000000E+01    3.220156E-04  6.976580E-05    1.983644E-04  1.183454E-04
  1.50000000E+03  1.00000000E+03  5.00000000E+01    3.527322E-04  1.984721E-04    3.062575E-04  2.229548E-04
  1.50000000E+03  1.50000000E+03  5.00000000E+01    4.817464E-04  4.038306E-04    4.817464E-04  4.038306E-04
  1.50000000E+03  2.00000000E+03  5.00000000E+01    1.258789E-03  9.283666E-04    8.435747E-04  7.059906E-04
  1.50000000E+03  2.50000000E+03  5.00000000E+01    4.396565E-03  9.279153E-04    2.073976E-03  9.800566E-04
  1.50000000E+03  3.00000000E+03  5.00000000E+01    1.030834E-02 -4.825057E-03    6.810571E-03 -1.829639E-03
  1.50000000E+03  3.50000000E+03  5.00000000E+01    9.074257E-03 -6.461690E-03    1.511902E-02 -1.806748E-02
  1.50000000E+03  4.00000000E+03  5.00000000E+01   -1.509621E-04 -1.731121E-05    2.050412E-02 -2.791337E-02
  1.50000000E+03  4.50000000E+03  5.00000000E+01   -9.358675E-03  6.426011E-03    1.498535E-02 -1.830311E-02
  1.50000000E+03  5.00000000E+03  5.00000000E+01   -1.054865E-02  4.790243E-03    6.572488E-03 -2.265034E-03
  1.50000000E+03  5.50000000E+03  5.00000000E+01   -4.591515E-03 -8.912379E-04    1.719206E-03  4.966355E-04
  1.50000000E+03  6.00000000E+03  5.00000000E+01   -1.324383E-03 -6.377085E-04    4.760218E-04  2.798732E-04
  2.00000000E+03  0.00000000E+00  5.00000000E+01    2.888895E-04 -1.388675E-04    1.409547E-04  9.312294E-05
  2.00000000E+03  5.00000000E+02  5.00000000E+01    4.413195E-04  1.784682E-04    2.582742E-04  2.143021E-04
  2.00000000E+03  1.00000000E+03  5.00000000E+01    5.859829E-04  3.912876E-04    5.862070E-04  4.959465E-04
  2.00000000E+03  1.50000000E+03  5.00000000E+01    8.435747E-04  7.059906E-04    1.258789E-03  9.283666E-04
  2.00000000E+03  2.00000000E+03  5.00000000E+01    2.130620E-03  1.471079E-03    2.130620E-03  1.471079E-03
  2.00000000E+03  2.50000000E+03  5.00000000E+01    7.871511E-03  8.912826E-04    3.140025E-03  1.971366E-03
  2.00000000E+03  3.00000000E+03  5.00000000E+01    1.962047E-02 -1.340748E-02    5.372593E-03  1.231030E-03
  2.00000000E+03  3.50000000E+03  5.00000000E+01    1.699534E-02 -1.719497E-02    8.871412E-03 -3.214937E-03
  2.00000000E+03  4.00000000E+03  5.00000000E+01   -3.217764E-04 -1.947824E-05    1.054793E-02 -6.120110E-03
  2.00000000E+03  4.50000000E+03  5.00000000E+01   -1.760075E-02  1.714831E-02    8.004507E-03 -3.993802E-03
  2.00000000E+03  5.00000000E+03  5.00000000E+01   -2.009587E-02  1.332933E-02    3.763292E-03 -2.909403E-04
  2.00000000E+03  5.50000000E+03  5.00000000E+01   -8.151310E-03 -8.602003E-04    1.164923E-03  4.173319E-04
  2.00000000E+03  6.00000000E+03  5.00000000E+01   -2.100262E-03 -1.107687E-03    3.686278E-04  2.122682E-04
  2.50000000E+03  0.00000000E+00  5.00000000E+01    3.946072E-04 -3.204271E-05    1.566648E-04  1.303931E-04
  2.50000000E+03  5.00000000E+02  5.00000000E+01    7.757440E-04  4.393710E-04    4.375929E-04  3.677610E-04
  2.50000000E+03  1.00000000E+03  5.00000000E+01    1.466738E-03  7.368751E-04    1.592290E-03  8.062024E-04
  2.50000000E+03  1.50000000E+03  5.00000000E+01    2.073976E-03  9.800566E-04    4.396565E-03  9.279153E-04
  2.50000000E+03  2.00000000E+03  5.00000000E+01    3.140025E-03  1.971366E-03    7.871511E-03  8.912826E-04
  2.50000000E+03  2.50000000E+03  5.00000000E+01    9.727805E-03  1.522424E-03    9.727805E-03  1.522424E-03
  2.50000000E+03  3.00000000E+03  5.00000000E+01    2.455771E-02 -1.470972E-02    9.597458E-03  1.862355E-03
  2.50000000E+03  3.50000000E+03  5.00000000E+01    2.099981E-02 -1.941967E-02    6.730627E-03  8.622334E-04
  2.50000000E+03  4.00000000E+03  5.00000000E+01   -7.745480E-04  3.610644E-05    4.102955E-03 -9.023238E-05
  2.50000000E+03  4.50000000E+03  5.00000000E+01   -2.251079E-02  1.950628E-02    2.594920E-03 -5.370173E-05
  2.50000000E+03  5.00000000E+03  5.00000000E+01   -2.572548E-02  1.466195E-02    1.352404E-03  2.744727E-04
  2.50000000E+03  5.50000000E+03  5.00000000E+01   -1.019508E-02 -1.470726E-03    5.334768E-04  2.400839E-04
  2.50000000E+03  6.00000000E+03  5.00000000E+01   -2.566594E-03 -1.507185E-03    2.105169E-04  1.154068E-04
  3.00000000E+03  0.00000000E+00  5.00000000E+01    6.191679E-04  1.681262E-04    1.641306E-04  1.469379E-04
  3.00000000E+03  5.00000000E+02  5.00000000E+01    1.812493E-03  8.340596E-04    6.881495E-04  4.178768E-04
  3.00000000E+03  1.00000000E+03  5.00000000E+01    4.798470E-03  1.595685E-04    3.289599E-03  1.826231E-04
  3.00000000E+03  1.50000000E+03  5.00000000E+01    6.810571E-03 -1.829639E-03    1.030834E-02 -4.825057E-03
  3.00000000E+03  2.00000000E+03  5.00000000E+01    5.372593E-03  1.231030E-03    1.962047E-02 -1.340748E-02
  3.00000000E+03  2.50000000E+03  5.00000000E+01    9.597458E-03  1.862355E-03    2.455771E-02 -1.470972E-02
  3.00000000E+03  3.00000000E+03  5.00000000E+01    2.302945E-02 -1.305536E-02    2.302945E-02 -1.305536E-02
  3.00000000E+03  3.50000000E+03  5.00000000E+01    1.909243E-02 -1.749712E-02    1.198000E-02 -4.641303E-03
  3.00000000E+03  4.00000000E+03  5.00000000E+01   -2.113538E-03  4.529595E-04    3.227928E-03 -1.677921E-04
  3.00000000E+03  4.50000000E+03  5.00000000E+01   -2.403887E-02  1.941431E-02    9.519064E-04  1.471184E-04
  3.00000000E+03  5.00000000E+03  5.00000000E+01   -2.713830E-02  1.418119E-02    3.839605E-04  9.211437E-05
  3.00000000E+03  5.50000000E+03  5.00000000E+01   -1.073607E-02 -1.876822E-03    1.546773E-04  6.351539E-05
  3.00000000E+03  6.00000000E+03  5.00000000E+01   -2.707350E-03 -1.679268E-03    6.455470E-05  3.250782E-05
  3.50000000E+03  0.00000000E+00  5.00000000E+01    9.420945E-04  3.914150E-04    1.041172E-04  9.993256E-05
  3.50000000E+03  5.00000000E+02  5.00000000E+01    3.569949E-03  1.024127E-03    5.590809E-04  2.742301E-04
  3.50000000E+03  1.00000000E+03  5.00000000E+01    1.113608E-02 -3.990757E-03    2.870740E-03 -2.991773E-04
  3.50000000E+03  1.50000000E+03  5.00000000E+01    1.511902E-02 -1.806748E-02    9.074257E-03 -6.461690E-03
  3.50000000E+03  2.00000000E+03  5.00000000E+01    8.871412E-03 -3.214937E-03    1.699534E-02 -1.719497E-02
  3.50000000E+03  2.50000000E+03  5.00000000E+01    6.730627E-03  8.622334E-04    2.099981E-02 -1.941967E-02
  3.50000000E+03  3.00000000E+03  5.00000000E+01    1.198000E-02 -4.641303E-03    1.909243E-02 -1.749712E-02
  3.50000000E+03  3.50000000E+03  5.00000000E+01    8.994215E-03 -6.397054E-03    8.994215E-03 -6.397054E-03
  3.50000000E+03  4.00000000E+03  5.00000000E+01   -4.820479E-03  1.842248E-03    1.101519E-03 -3.407864E-04
  3.50000000E+03  4.50000000E+03  5.00000000E+01   -2.420244E-02  1.958452E-02   -5.911619E-04  8.612774E-05
  3.50000000E+03  5.00000000E+03  5.00000000E+01   -2.684032E-02  1.442099E-02   -4.641850E-04 -1.330057E-04
  3.50000000E+03  5.50000000E+03  5.00000000E+01   -1.060799E-02 -1.715187E-03   -2.031213E-04 -1.075231E-04
  3.50000000E+03  6.00000000E+03  5.00000000E+01   -2.679921E-03 -1.616700E-03   -8.567495E-05 -4.916067E-05
  4.00000000E+03  0.00000000E+00  5.00000000E+01    1.101131E-03  4.863717E-04   -3.628477E-05 -8.600455E-06
  4.00000000E+03  5.00000000E+02  5.00000000E+01    4.514384E-03  1.036805E-03   -5.215654E-05 -1.163800E-05
  4.00000000E+03  1.00000000E+03  5.00000000E+01    1.483589E-02 -6.656573E-03   -8.532748E-05 -1.249851E-05
  4.00000000E+03  1.50000000E+03  5.00000000E+01    2.050412E-02 -2.791337E-02   -1.509621E-04 -1.731121E-05
  4.00000000E+03  2.00000000E+03  5.00000000E+01    1.054793E-02 -6.120110E-03   -3.217764E-04 -1.947824E-05
  4.00000000E+03  2.50000000E+03  5.00000000E+01    4.102955E-03 -9.023238E-05   -7.745480E-04  3.610644E-05
  4.00000000E+03  3.00000000E+03  5.00000000E+01    3.227928E-03 -1.677921E-04   -2.113538E-03  4.529595E-04
  4.00000000E+03  3.50000000E+03  5.00000000E+01    1.101519E-03 -3.407864E-04   -4.820479E-03  1.842248E-03
  4.00000000E+03  4.00000000E+03  5.00000000E+01   -6.185218E-03  2.542969E-03   -6.185218E-03  2.542969E-03
  4.00000000E+03  4.50000000E+03  5.00000000E+01   -2.147239E-02  1.890983E-02   -4.784108E-03  1.474662E-03
  4.00000000E+03  5.00000000E+03  5.00000000E+01   -2.339895E-02  1.444805E-02   -2.365020E-03 -1.033500E-04
  4.00000000E+03  5.50000000E+03  5.00000000E+01   -9.330742E-03 -1.090694E-03   -7.841500E-04 -3.245351E-04
  4.00000000E+03  6.00000000E+03  5.00000000E+01   -2.386427E-03 -1.302425E-03   -2.616533E-04 -1.543932E-04
  4.50000000E+03  0.00000000E+00  5.00000000E+01    9.233384E-04  3.791466E-04   -1.789867E-04 -1.155817E-04
  4.50000000E+03  5.00000000E+02  5.00000000E+01    3.535991E-03  1.000898E-03   -6.629255E-04 -2.957068E-04
  4.50000000E+03  1.00000000E+03  5.00000000E+01    1.107967E-02 -4.050760E-03   -3.034602E-03  2.738144E-04
  4.50000000E+03  1.50000000E+03  5.00000000E+01    1.498535E-02 -1.830311E-02   -9.358675E-03  6.426011E-03
  4.50000000E+03  2.00000000E+03  5.00000000E+01    8.004507E-03 -3.993802E-03   -1.760075E-02  1.714831E-02
  4.50000000E+03  2.50000000E+03  5.00000000E+01    2.594920E-03 -5.370173E-05   -2.251079E-02  1.950628E-02
  4.50000000E+03  3.00000000E+03  5.00000000E+01    9.519064E-04  1.471184E-04   -2.403887E-02  1.941431E-02
  4.50000000E+03  3.50000000E+03  5.00000000E+01   -5.911619E-04  8.612774E-05   -2.420244E-02  1.958452E-02
  4.50000000E+03  4.00000000E+03  5.00000000E+01   -4.784108E-03  1.474662E-03   -2.147239E-02  1.890983E-02
  4.50000000E+03  4.50000000E+03  5.00000000E+01   -1.396307E-02  1.184023E-02   -1.396307E-02  1.184023E-02
  4.50000000E+03  5.00000000E+03  5.00000000E+01   -1.484989E-02  9.071952E-03   -5.772271E-03  1.454106E-03
  4.50000000E+03  5.50000000E+03  5.00000000E+01   -6.253255E-03 -8.291248E-04   -1.542404E-03 -4.730593E-04
  4.50000000E+03  6.00000000E+03  5.00000000E+01   -1.717358E-03 -8.457490E-04   -4.321101E-04 -2.556486E-04
  5.00000000E+03  0.00000000E+00  5.00000000E+01    5.844404E-04  1.463966E-04   -2.530773E-04 -1.518310E-04
  5.00000000E+03  5.00000000E+02  5.00000000E+01    1.750835E-03  7.919316E-04   -7.992281E-04 -4.268144E-04
  5.00000000E+03  1.00000000E+03  5.00000000E+01    4.695806E-03  4.753791E-05   -3.443440E-03 -1.986732E-04
  5.00000000E+03  1.50000000E+03  5.00000000E+01    6.572488E-03 -2.265034E-03   -1.054865E-02  4.790243E-03
  5.00000000E+03  2.00000000E+03  5.00000000E+01    3.763292E-03 -2.909403E-04   -2.009587E-02  1.332933E-02
  5.00000000E+03  2.50000000E+03  5.00000000E+01    1.352404E-03  2.744727E-04   -2.572548E-02  1.466195E-02
  5.00000000E+03  3.00000000E+03  5.00000000E+01    3.839605E-04  9.211437E-05   -2.713830E-02  1.418119E-02
  5.00000000E+03  3.50000000E+03  5.00000000E+01   -4.641850E-04 -1.330057E-04   -2.684032E-02  1.442099E-02
  5.00000000E+03  4.00000000E+03  5.00000000E+01   -2.365020E-03 -1.033500E-04   -2.339895E-02  1.444805E-02
  5.00000000E+03  4.50000000E+03  5.00000000E+01   -5.772271E-03  1.454106E-03   -1.484989E-02  9.071952E-03
  5.00000000E+03  5.00000000E+03  5.00000000E+01   -5.976354E-03  7.893446E-04   -5.976354E-03  7.893446E-04
  5.00000000E+03  5.50000000E+03  5.00000000E+01   -2.794268E-03 -9.281793E-04   -1.580197E-03 -6.057105E-04
  5.00000000E+03  6.00000000E+03  5.00000000E+01   -9.420467E-04 -3.977206E-04   -4.706489E-04 -2.807612E-04
  5.50000000E+03  0.00000000E+00  5.00000000E+01    3.477619E-04 -5.821533E-05   -2.781848E-04 -8.259580E-05
  5.50000000E+03  5.00000000E+02  5.00000000E+01    6.947598E-04  3.861446E-04   -5.735560E-04 -3.195679E-04
  5.50000000E+03  1.00000000E+03  5.00000000E+01    1.323057E-03  5.991726E-04   -1.749325E-03 -7.616757E-04
  5.50000000E+03  1.50000000E+03  5.00000000E+01    1.719206E-03  4.966355E-04   -4.591515E-03 -8.912379E-04
  5.50000000E+03  2.00000000E+03  5.00000000E+01    1.164923E-03  4.173319E-04   -8.151310E-03 -8.602003E-04
  5.50000000E+03  2.50000000E+03  5.00000000E+01    5.334768E-04  2.400839E-04   -1.019508E-02 -1.470726E-03
  5.50000000E+03  3.00000000E+03  5.00000000E+01    1.546773E-04  6.351539E-05   -1.073607E-02 -1.876822E-03
  5.50000000E+03  3.50000000E+03  5.00000000E+01   -2.031213E-04 -1.075231E-04   -1.060799E-02 -1.715187E-03
  5.50000000E+03  4.00000000E+03  5.00000000E+01   -7.841500E-04 -3.245351E-04   -9.330742E-03 -1.090694E-03
  5.50000000E+03  4.50000000E+03  5.00000000E+01   -1.542404E-03 -4.730593E-04   -6.253255E-03 -8.291248E-04
  5.50000000E+03  5.00000000E+03  5.00000000E+01   -1.580197E-03 -6.057105E-04   -2.794268E-03 -9.281793E-04
  5.50000000E+03  5.50000000E+03  5.00000000E+01   -9.507910E-04 -5.196983E-04   -9.507910E-04 -5.196983E-04
  5.50000000E+03  6.00000000E+03  5.00000000E+01   -4.668351E-04 -5.095649E-05   -4.082956E-04 -1.759340E-04
  6.00000000E+03  0.00000000E+00  5.00000000E+01    2.321751E-04 -1.567399E-04   -2.031461E-04  1.662874E-04
  6.00000000E+03  5.00000000E+02  5.00000000E+01    3.523819E-04  1.257669E-04   -3.292972E-04  5.579164E-05
  6.00000000E+03  1.00000000E+03  5.00000000E+01    4.306020E-04  2.575833E-04   -6.598689E-04 -2.212533E-04
  6.00000000E+03  1.50000000E+03  5.00000000E+01    4.760218E-04  2.798732E-04   -1.324383E-03 -6.377085E-04
  6.00000000E+03  2.00000000E+03  5.00000000E+01    3.686278E-04  2.122682E-04   -2.100262E-03 -1.107687E-03
  6.00000000E+03  2.50000000E+03  5.00000000E+01    2.105169E-04  1.154068E-04   -2.566594E-03 -1.507185E-03
  6.00000000E+03  3.00000000E+03  5.00000000E+01    6.455470E-05  3.250782E-05   -2.707350E-03 -1.679268E-03
  6.00000000E+03  3.50000000E+03  5.00000000E+01   -8.567495E-05 -4.916067E-05   -2.679921E-03 -1.616700E-03
  6.00000000E+03  4.00000000E+03  5.00000000E+01   -2.616533E-04 -1.543932E-04   -2.386427E-03 -1.302425E-03
  6.00000000E+03  4.50000000E+03  5.00000000E+01   -4.321101E-04 -2.556486E-04   -1.717358E-03 -8.457490E-04
  6.00000000E+03  5.00000000E+03  5.00000000E+01   -4.706489E-04 -2.807612E-04   -9.420467E-04 -3.977206E-04
  6.00000000E+03  5.50000000E+03  5.00000000E+01   -4.082956E-04 -1.759340E-04   -4.668351E-04 -5.095649E-05
  6.00000000E+03  6.00000000E+03  5.00000000E+01   -2.731573E-04  1.167171E-04   -2.731573E-04  1.167171E-04
 
